 wlan0:22298610   19041    0    0    0     0          0         0  1341121   13347    0    0    0     0       0          0
 wlan0:22298610   19041    0    0    0     0          0         0  1341121   13347    0    0    0     0       0          0
 wlan0:22298610   19041    0    0    0     0          0         0  1341121   13347    0    0    0     0       0          0
 wlan0:22298610   19041    0    0    0     0          0         0  1341121   13347    0    0    0     0       0          0
 wlan0:22298610   19041    0    0    0     0          0         0  1341121   13347    0    0    0     0       0          0
 wlan0:22298610   19041    0    0    0     0          0         0  1341121   13347    0    0    0     0       0          0
 wlan0:22298610   19041    0    0    0     0          0         0  1341121   13347    0    0    0     0       0          0
 wlan0:22298610   19041    0    0    0     0          0         0  1341121   13347    0    0    0     0       0          0
 wlan0:22298610   19041    0    0    0     0          0         0  1341121   13347    0    0    0     0       0          0
 wlan0:22298610   19041    0    0    0     0          0         0  1341121   13347    0    0    0     0       0          0
 wlan0:22298610   19041    0    0    0     0          0         0  1341121   13347    0    0    0     0       0          0
 wlan0:22298610   19041    0    0    0     0          0         0  1341121   13347    0    0    0     0       0          0
 wlan0:22298610   19041    0    0    0     0          0         0  1341121   13347    0    0    0     0       0          0
 wlan0:22298610   19041    0    0    0     0          0         0  1341121   13347    0    0    0     0       0          0
 wlan0:22298610   19041    0    0    0     0          0         0  1341121   13347    0    0    0     0       0          0
 wlan0:22298610   19041    0    0    0     0          0         0  1341121   13347    0    0    0     0       0          0
 wlan0:22298610   19041    0    0    0     0          0         0  1341121   13347    0    0    0     0       0          0
 wlan0:22298610   19041    0    0    0     0          0         0  1341121   13347    0    0    0     0       0          0
 wlan0:22298610   19041    0    0    0     0          0         0  1341121   13347    0    0    0     0       0          0
 wlan0:22298610   19041    0    0    0     0          0         0  1341121   13347    0    0    0     0       0          0
 wlan0:22298610   19041    0    0    0     0          0         0  1341121   13347    0    0    0     0       0          0
 wlan0:22298610   19041    0    0    0     0          0         0  1341121   13347    0    0    0     0       0          0
 wlan0:22298610   19041    0    0    0     0          0         0  1341121   13347    0    0    0     0       0          0
 wlan0:22298610   19041    0    0    0     0          0         0  1341121   13347    0    0    0     0       0          0
