 wlan0:32892964   26543    0    0    0     0          0         0  1524453   15585    0    0    0     0       0          0
 wlan0:32893092   26545    0    0    0     0          0         0  1524561   15587    0    0    0     0       0          0
 wlan0:32894293   26552    0    0    0     0          0         0  1525563   15592    0    0    0     0       0          0
 wlan0:32898389   26567    0    0    0     0          0         0  1528600   15603    0    0    0     0       0          0
 wlan0:32898453   26568    0    0    0     0          0         0  1528654   15604    0    0    0     0       0          0
 wlan0:32898645   26571    0    0    0     0          0         0  1528816   15607    0    0    0     0       0          0
 wlan0:32903762   26591    0    0    0     0          0         0  1532291   15620    0    0    0     0       0          0
 wlan0:32904433   26597    0    0    0     0          0         0  1532929   15624    0    0    0     0       0          0
 wlan0:32904625   26600    0    0    0     0          0         0  1533091   15627    0    0    0     0       0          0
 wlan0:32905551   26605    0    0    0     0          0         0  1534093   15632    0    0    0     0       0          0
 wlan0:32908980   26614    0    0    0     0          0         0  1537021   15641    0    0    0     0       0          0
 wlan0:32909044   26615    0    0    0     0          0         0  1537075   15642    0    0    0     0       0          0
 wlan0:32909236   26618    0    0    0     0          0         0  1537237   15645    0    0    0     0       0          0
 wlan0:32914078   26635    0    0    0     0          0         0  1541113   15658    0    0    0     0       0          0
 wlan0:32914078   26635    0    0    0     0          0         0  1541113   15658    0    0    0     0       0          0
 wlan0:32914334   26639    0    0    0     0          0         0  1541329   15662    0    0    0     0       0          0
 wlan0:32914334   26639    0    0    0     0          0         0  1541329   15662    0    0    0     0       0          0
 wlan0:32919439   26658    0    0    0     0          0         0  1545205   15675    0    0    0     0       0          0
 wlan0:32919567   26660    0    0    0     0          0         0  1545205   15675    0    0    0     0       0          0
 wlan0:32919759   26663    0    0    0     0          0         0  1545367   15678    0    0    0     0       0          0
 wlan0:32920685   26668    0    0    0     0          0         0  1546369   15683    0    0    0     0       0          0
 wlan0:32924753   26681    0    0    0     0          0         0  1549298   15692    0    0    0     0       0          0
 wlan0:32924817   26682    0    0    0     0          0         0  1549352   15693    0    0    0     0       0          0
 wlan0:32925009   26685    0    0    0     0          0         0  1549514   15696    0    0    0     0       0          0
