 wlan0:20518144   17207    0    0    0     0          0         0  1022125   11968    0    0    0     0       0          0
 wlan0:20518144   17207    0    0    0     0          0         0  1022125   11968    0    0    0     0       0          0
 wlan0:20518144   17207    0    0    0     0          0         0  1022125   11968    0    0    0     0       0          0
 wlan0:20518144   17207    0    0    0     0          0         0  1022125   11968    0    0    0     0       0          0
 wlan0:20518144   17207    0    0    0     0          0         0  1022125   11968    0    0    0     0       0          0
 wlan0:20518144   17207    0    0    0     0          0         0  1022125   11968    0    0    0     0       0          0
 wlan0:20518144   17207    0    0    0     0          0         0  1022125   11968    0    0    0     0       0          0
 wlan0:20518144   17207    0    0    0     0          0         0  1022125   11968    0    0    0     0       0          0
 wlan0:20518144   17207    0    0    0     0          0         0  1022125   11968    0    0    0     0       0          0
 wlan0:20518144   17207    0    0    0     0          0         0  1022125   11968    0    0    0     0       0          0
 wlan0:20518144   17207    0    0    0     0          0         0  1022125   11968    0    0    0     0       0          0
 wlan0:20518144   17207    0    0    0     0          0         0  1022125   11968    0    0    0     0       0          0
 wlan0:20518144   17207    0    0    0     0          0         0  1022125   11968    0    0    0     0       0          0
 wlan0:20518144   17207    0    0    0     0          0         0  1022125   11968    0    0    0     0       0          0
 wlan0:20518144   17207    0    0    0     0          0         0  1022125   11968    0    0    0     0       0          0
 wlan0:20518144   17207    0    0    0     0          0         0  1022125   11968    0    0    0     0       0          0
 wlan0:20518144   17207    0    0    0     0          0         0  1022125   11968    0    0    0     0       0          0
 wlan0:20518144   17207    0    0    0     0          0         0  1022125   11968    0    0    0     0       0          0
 wlan0:20518144   17207    0    0    0     0          0         0  1022125   11968    0    0    0     0       0          0
 wlan0:20518144   17207    0    0    0     0          0         0  1022125   11968    0    0    0     0       0          0
 wlan0:20518144   17207    0    0    0     0          0         0  1022125   11968    0    0    0     0       0          0
 wlan0:20518144   17207    0    0    0     0          0         0  1022125   11968    0    0    0     0       0          0
 wlan0:20518144   17207    0    0    0     0          0         0  1022125   11968    0    0    0     0       0          0
 wlan0:20518144   17207    0    0    0     0          0         0  1022125   11968    0    0    0     0       0          0
 wlan0:20518144   17207    0    0    0     0          0         0  1022125   11968    0    0    0     0       0          0
