 wlan0:33405853   27173    0    0    0     0          0         0  1589066   16091    0    0    0     0       0          0
 wlan0:33537185   27290    0    0    0     0          0         0  1599027   16195    0    0    0     0       0          0
 wlan0:33549763   27300    0    0    0     0          0         0  1599567   16205    0    0    0     0       0          0
 wlan0:33550083   27305    0    0    0     0          0         0  1599837   16210    0    0    0     0       0          0
 wlan0:33550211   27307    0    0    0     0          0         0  1599945   16212    0    0    0     0       0          0
 wlan0:33550979   27319    0    0    0     0          0         0  1600269   16218    0    0    0     0       0          0
 wlan0:33551043   27320    0    0    0     0          0         0  1600323   16219    0    0    0     0       0          0
 wlan0:33551043   27320    0    0    0     0          0         0  1600323   16219    0    0    0     0       0          0
 wlan0:33551107   27321    0    0    0     0          0         0  1600377   16220    0    0    0     0       0          0
 wlan0:33553571   27328    0    0    0     0          0         0  1601139   16227    0    0    0     0       0          0
 wlan0:33556220   27336    0    0    0     0          0         0  1601957   16235    0    0    0     0       0          0
 wlan0:33556220   27336    0    0    0     0          0         0  1601957   16235    0    0    0     0       0          0
 wlan0:33556284   27337    0    0    0     0          0         0  1602011   16236    0    0    0     0       0          0
 wlan0:33556284   27337    0    0    0     0          0         0  1602011   16236    0    0    0     0       0          0
 wlan0:33556348   27338    0    0    0     0          0         0  1602065   16237    0    0    0     0       0          0
 wlan0:33559346   27343    0    0    0     0          0         0  1602775   16243    0    0    0     0       0          0
 wlan0:33559602   27347    0    0    0     0          0         0  1602937   16246    0    0    0     0       0          0
 wlan0:33559602   27347    0    0    0     0          0         0  1602937   16246    0    0    0     0       0          0
 wlan0:33559602   27347    0    0    0     0          0         0  1602937   16246    0    0    0     0       0          0
 wlan0:33559602   27347    0    0    0     0          0         0  1602937   16246    0    0    0     0       0          0
 wlan0:33559602   27347    0    0    0     0          0         0  1602937   16246    0    0    0     0       0          0
 wlan0:33559602   27347    0    0    0     0          0         0  1602937   16246    0    0    0     0       0          0
 wlan0:33559602   27347    0    0    0     0          0         0  1602937   16246    0    0    0     0       0          0
 wlan0:33563147   27355    0    0    0     0          0         0  1603753   16254    0    0    0     0       0          0
