 wlan0:77241406   74294    0    0    0     0          0         0  6710550   50125    0    0    0     0       0          0
 wlan0:77358677   74393    0    0    0     0          0         0  6720290   50205    0    0    0     0       0          0
 wlan0:77366567   74409    0    0    0     0          0         0  6721705   50219    0    0    0     0       0          0
 wlan0:77380434   74435    0    0    0     0          0         0  6724403   50241    0    0    0     0       0          0
 wlan0:77401678   74468    0    0    0     0          0         0  6727134   50270    0    0    0     0       0          0
 wlan0:77423477   74498    0    0    0     0          0         0  6731558   50298    0    0    0     0       0          0
 wlan0:77490270   74569    0    0    0     0          0         0  6737501   50365    0    0    0     0       0          0
 wlan0:77490590   74574    0    0    0     0          0         0  6737771   50370    0    0    0     0       0          0
 wlan0:77590369   74677    0    0    0     0          0         0  6747063   50470    0    0    0     0       0          0
 wlan0:77687924   74771    0    0    0     0          0         0  6756543   50559    0    0    0     0       0          0
 wlan0:78011693   75020    0    0    0     0          0         0  6774248   50792    0    0    0     0       0          0
 wlan0:78244429   75192    0    0    0     0          0         0  6785430   50941    0    0    0     0       0          0
 wlan0:78404970   75309    0    0    0     0          0         0  6792155   51037    0    0    0     0       0          0
 wlan0:78567545   75433    0    0    0     0          0         0  6799162   51130    0    0    0     0       0          0
 wlan0:78569697   75445    0    0    0     0          0         0  6800593   51142    0    0    0     0       0          0
 wlan0:78571372   75457    0    0    0     0          0         0  6801672   51154    0    0    0     0       0          0
 wlan0:78718959   75578    0    0    0     0          0         0  6812567   51270    0    0    0     0       0          0
 wlan0:78861582   75692    0    0    0     0          0         0  6820439   51373    0    0    0     0       0          0
 wlan0:78863012   75707    0    0    0     0          0         0  6821608   51387    0    0    0     0       0          0
 wlan0:78863396   75713    0    0    0     0          0         0  6821932   51393    0    0    0     0       0          0
 wlan0:78863908   75721    0    0    0     0          0         0  6822364   51401    0    0    0     0       0          0
 wlan0:78864420   75729    0    0    0     0          0         0  6822742   51408    0    0    0     0       0          0
 wlan0:78864932   75737    0    0    0     0          0         0  6823120   51415    0    0    0     0       0          0
 wlan0:78975400   75831    0    0    0     0          0         0  6831613   51492    0    0    0     0       0          0
 wlan0:78992216   75854    0    0    0     0          0         0  6834060   51511    0    0    0     0       0          0
