 wlan0:33723844   27555    0    0    0     0          0         0  1621352   16431    0    0    0     0       0          0
 wlan0:33724441   27564    0    0    0     0          0         0  1621676   16437    0    0    0     0       0          0
 wlan0:33724697   27568    0    0    0     0          0         0  1621892   16441    0    0    0     0       0          0
 wlan0:33745556   27586    0    0    0     0          0         0  1623410   16460    0    0    0     0       0          0
 wlan0:33745812   27590    0    0    0     0          0         0  1623626   16464    0    0    0     0       0          0
 wlan0:33746132   27595    0    0    0     0          0         0  1623842   16468    0    0    0     0       0          0
 wlan0:33748106   27611    0    0    0     0          0         0  1626229   16482    0    0    0     0       0          0
 wlan0:33748170   27612    0    0    0     0          0         0  1626283   16483    0    0    0     0       0          0
 wlan0:33748362   27615    0    0    0     0          0         0  1626445   16486    0    0    0     0       0          0
 wlan0:33748426   27616    0    0    0     0          0         0  1626499   16487    0    0    0     0       0          0
 wlan0:33748618   27619    0    0    0     0          0         0  1626661   16490    0    0    0     0       0          0
 wlan0:33756560   27628    0    0    0     0          0         0  1627684   16500    0    0    0     0       0          0
 wlan0:33757089   27635    0    0    0     0          0         0  1628102   16507    0    0    0     0       0          0
 wlan0:33758722   27650    0    0    0     0          0         0  1628554   16515    0    0    0     0       0          0
 wlan0:33760504   27663    0    0    0     0          0         0  1630988   16527    0    0    0     0       0          0
 wlan0:33796174   27695    0    0    0     0          0         0  1633143   16556    0    0    0     0       0          0
 wlan0:33906351   27840    0    0    0     0          0         0  1658199   16709    0    0    0     0       0          0
 wlan0:33906863   27848    0    0    0     0          0         0  1658631   16717    0    0    0     0       0          0
 wlan0:33907823   27863    0    0    0     0          0         0  1659387   16731    0    0    0     0       0          0
 wlan0:33907951   27865    0    0    0     0          0         0  1659495   16733    0    0    0     0       0          0
 wlan0:33908719   27877    0    0    0     0          0         0  1660217   16746    0    0    0     0       0          0
 wlan0:33909410   27881    0    0    0     0          0         0  1661323   16750    0    0    0     0       0          0
 wlan0:33910949   27897    0    0    0     0          0         0  1663796   16766    0    0    0     0       0          0
 wlan0:33924667   27912    0    0    0     0          0         0  1665744   16783    0    0    0     0       0          0
