 wlan0:20503986   17165    0    0    0     0          0         0  1016339   11925    0    0    0     0       0          0
 wlan0:20504050   17166    0    0    0     0          0         0  1016393   11926    0    0    0     0       0          0
 wlan0:20504050   17166    0    0    0     0          0         0  1016393   11926    0    0    0     0       0          0
 wlan0:20504114   17167    0    0    0     0          0         0  1016447   11927    0    0    0     0       0          0
 wlan0:20504178   17168    0    0    0     0          0         0  1016489   11928    0    0    0     0       0          0
 wlan0:20504370   17171    0    0    0     0          0         0  1016597   11930    0    0    0     0       0          0
 wlan0:20504370   17171    0    0    0     0          0         0  1016597   11930    0    0    0     0       0          0
 wlan0:20504370   17171    0    0    0     0          0         0  1016597   11930    0    0    0     0       0          0
 wlan0:20504370   17171    0    0    0     0          0         0  1016597   11930    0    0    0     0       0          0
 wlan0:20505766   17175    0    0    0     0          0         0  1017331   11936    0    0    0     0       0          0
 wlan0:20510107   17181    0    0    0     0          0         0  1018777   11942    0    0    0     0       0          0
 wlan0:20513129   17187    0    0    0     0          0         0  1019795   11947    0    0    0     0       0          0
 wlan0:20513257   17189    0    0    0     0          0         0  1019849   11948    0    0    0     0       0          0
 wlan0:20513257   17189    0    0    0     0          0         0  1019849   11948    0    0    0     0       0          0
 wlan0:20513257   17189    0    0    0     0          0         0  1019849   11948    0    0    0     0       0          0
 wlan0:20513257   17189    0    0    0     0          0         0  1019849   11948    0    0    0     0       0          0
 wlan0:20513257   17189    0    0    0     0          0         0  1019849   11948    0    0    0     0       0          0
 wlan0:20513257   17189    0    0    0     0          0         0  1019849   11948    0    0    0     0       0          0
 wlan0:20513257   17189    0    0    0     0          0         0  1019849   11948    0    0    0     0       0          0
 wlan0:20513257   17189    0    0    0     0          0         0  1019849   11948    0    0    0     0       0          0
 wlan0:20513257   17189    0    0    0     0          0         0  1019849   11948    0    0    0     0       0          0
 wlan0:20513257   17189    0    0    0     0          0         0  1019849   11948    0    0    0     0       0          0
 wlan0:20513257   17189    0    0    0     0          0         0  1019849   11948    0    0    0     0       0          0
 wlan0:20513257   17189    0    0    0     0          0         0  1019849   11948    0    0    0     0       0          0
 wlan0:20517632   17199    0    0    0     0          0         0  1021801   11962    0    0    0     0       0          0
