 wlan0:53571095   45300    0    0    0     0          0         0  2904744   32844    0    0    0     0       0          0
 wlan0:53571095   45300    0    0    0     0          0         0  2904744   32844    0    0    0     0       0          0
 wlan0:53571095   45300    0    0    0     0          0         0  2904744   32844    0    0    0     0       0          0
 wlan0:53571095   45300    0    0    0     0          0         0  2904744   32844    0    0    0     0       0          0
 wlan0:53571095   45300    0    0    0     0          0         0  2904744   32844    0    0    0     0       0          0
 wlan0:53571095   45300    0    0    0     0          0         0  2904744   32844    0    0    0     0       0          0
 wlan0:53571095   45300    0    0    0     0          0         0  2904744   32844    0    0    0     0       0          0
 wlan0:53571095   45300    0    0    0     0          0         0  2904744   32844    0    0    0     0       0          0
 wlan0:53571095   45300    0    0    0     0          0         0  2904744   32844    0    0    0     0       0          0
 wlan0:53571095   45300    0    0    0     0          0         0  2904744   32844    0    0    0     0       0          0
 wlan0:53571095   45300    0    0    0     0          0         0  2904744   32844    0    0    0     0       0          0
 wlan0:53571095   45300    0    0    0     0          0         0  2904744   32844    0    0    0     0       0          0
 wlan0:53571095   45300    0    0    0     0          0         0  2904744   32844    0    0    0     0       0          0
 wlan0:53571095   45300    0    0    0     0          0         0  2904744   32844    0    0    0     0       0          0
 wlan0:53571095   45300    0    0    0     0          0         0  2904744   32844    0    0    0     0       0          0
 wlan0:53571095   45300    0    0    0     0          0         0  2904744   32844    0    0    0     0       0          0
 wlan0:53571095   45300    0    0    0     0          0         0  2904744   32844    0    0    0     0       0          0
 wlan0:53571095   45300    0    0    0     0          0         0  2904744   32844    0    0    0     0       0          0
 wlan0:53571095   45300    0    0    0     0          0         0  2904744   32844    0    0    0     0       0          0
 wlan0:53571095   45300    0    0    0     0          0         0  2904744   32844    0    0    0     0       0          0
 wlan0:53571095   45300    0    0    0     0          0         0  2904744   32844    0    0    0     0       0          0
 wlan0:53571095   45300    0    0    0     0          0         0  2904744   32844    0    0    0     0       0          0
 wlan0:53571095   45300    0    0    0     0          0         0  2904744   32844    0    0    0     0       0          0
 wlan0:53571095   45300    0    0    0     0          0         0  2904744   32844    0    0    0     0       0          0
