 wlan0:  197305     372    0    0    0     0          0         0    33893     330    0    0    0     0       0          0
 wlan0:  197305     372    0    0    0     0          0         0    33893     330    0    0    0     0       0          0
 wlan0:  197305     372    0    0    0     0          0         0    33893     330    0    0    0     0       0          0
 wlan0:  197305     372    0    0    0     0          0         0    33893     330    0    0    0     0       0          0
 wlan0:  197305     372    0    0    0     0          0         0    33893     330    0    0    0     0       0          0
 wlan0:  197305     372    0    0    0     0          0         0    33893     330    0    0    0     0       0          0
 wlan0:  197305     372    0    0    0     0          0         0    33893     330    0    0    0     0       0          0
 wlan0:  197305     372    0    0    0     0          0         0    33893     330    0    0    0     0       0          0
 wlan0:  197305     372    0    0    0     0          0         0    33893     330    0    0    0     0       0          0
 wlan0:  197305     372    0    0    0     0          0         0    33893     330    0    0    0     0       0          0
 wlan0:  197305     372    0    0    0     0          0         0    33893     330    0    0    0     0       0          0
 wlan0:  197305     372    0    0    0     0          0         0    33893     330    0    0    0     0       0          0
 wlan0:  197305     372    0    0    0     0          0         0    33893     330    0    0    0     0       0          0
 wlan0:  197305     372    0    0    0     0          0         0    33893     330    0    0    0     0       0          0
 wlan0:  197305     372    0    0    0     0          0         0    33893     330    0    0    0     0       0          0
 wlan0:  197305     372    0    0    0     0          0         0    33893     330    0    0    0     0       0          0
 wlan0:  197305     372    0    0    0     0          0         0    33893     330    0    0    0     0       0          0
 wlan0:  197305     372    0    0    0     0          0         0    33893     330    0    0    0     0       0          0
 wlan0:  197305     372    0    0    0     0          0         0    33893     330    0    0    0     0       0          0
 wlan0:  197305     372    0    0    0     0          0         0    33893     330    0    0    0     0       0          0
 wlan0:  197305     372    0    0    0     0          0         0    33893     330    0    0    0     0       0          0
 wlan0:  197305     372    0    0    0     0          0         0    33893     330    0    0    0     0       0          0
 wlan0:  197305     372    0    0    0     0          0         0    33893     330    0    0    0     0       0          0
 wlan0:  197305     372    0    0    0     0          0         0    33893     330    0    0    0     0       0          0
 wlan0:  197305     372    0    0    0     0          0         0    33893     330    0    0    0     0       0          0
