 wlan0:35867662   25182    0    0    0     0          0         0   801549   11124    0    0    0     0       0          0
 wlan0:35868362   25187    0    0    0     0          0         0   802491   11131    0    0    0     0       0          0
 wlan0:37625395   26402    0    0    0     0          0         0   862623   12057    0    0    0     0       0          0
 wlan0:38507736   26998    0    0    0     0          0         0   883845   12450    0    0    0     0       0          0
 wlan0:38510277   27003    0    0    0     0          0         0   884344   12454    0    0    0     0       0          0
 wlan0:38510277   27003    0    0    0     0          0         0   884344   12454    0    0    0     0       0          0
 wlan0:38510341   27004    0    0    0     0          0         0   884398   12455    0    0    0     0       0          0
 wlan0:38527198   27028    0    0    0     0          0         0   887621   12488    0    0    0     0       0          0
 wlan0:39485224   27689    0    0    0     0          0         0   911803   12890    0    0    0     0       0          0
 wlan0:39486440   27708    0    0    0     0          0         0   912667   12906    0    0    0     0       0          0
 wlan0:39486696   27712    0    0    0     0          0         0   912883   12910    0    0    0     0       0          0
 wlan0:39487336   27722    0    0    0     0          0         0   913153   12915    0    0    0     0       0          0
 wlan0:39487336   27722    0    0    0     0          0         0   913153   12915    0    0    0     0       0          0
 wlan0:39487464   27724    0    0    0     0          0         0   913595   12918    0    0    0     0       0          0
 wlan0:39669243   27848    0    0    0     0          0         0   919487   13022    0    0    0     0       0          0
 wlan0:39669627   27854    0    0    0     0          0         0   920037   13027    0    0    0     0       0          0
 wlan0:39851406   27978    0    0    0     0          0         0   925767   13128    0    0    0     0       0          0
 wlan0:39852358   27987    0    0    0     0          0         0   926863   13138    0    0    0     0       0          0
 wlan0:40143336   28197    0    0    0     0          0         0   938676   13315    0    0    0     0       0          0
 wlan0:40157164   28224    0    0    0     0          0         0   940688   13337    0    0    0     0       0          0
 wlan0:40224915   28278    0    0    0     0          0         0   943739   13388    0    0    0     0       0          0
 wlan0:40224915   28278    0    0    0     0          0         0   943739   13388    0    0    0     0       0          0
 wlan0:40224979   28279    0    0    0     0          0         0   943793   13389    0    0    0     0       0          0
 wlan0:40224979   28279    0    0    0     0          0         0   943793   13389    0    0    0     0       0          0
 wlan0:40225043   28280    0    0    0     0          0         0   943847   13390    0    0    0     0       0          0
