 wlan0:96001055   66292    0    0    0     0          0         0  1798569   25625    0    0    0     0       0          0
 wlan0:96001055   66292    0    0    0     0          0         0  1798569   25625    0    0    0     0       0          0
 wlan0:96001055   66292    0    0    0     0          0         0  1798569   25625    0    0    0     0       0          0
 wlan0:96001055   66292    0    0    0     0          0         0  1798569   25625    0    0    0     0       0          0
 wlan0:96001055   66292    0    0    0     0          0         0  1798569   25625    0    0    0     0       0          0
 wlan0:96001055   66292    0    0    0     0          0         0  1798569   25625    0    0    0     0       0          0
 wlan0:96001055   66292    0    0    0     0          0         0  1798569   25625    0    0    0     0       0          0
 wlan0:96001055   66292    0    0    0     0          0         0  1798569   25625    0    0    0     0       0          0
 wlan0:96001055   66292    0    0    0     0          0         0  1798569   25625    0    0    0     0       0          0
 wlan0:96001055   66292    0    0    0     0          0         0  1798569   25625    0    0    0     0       0          0
 wlan0:96001055   66292    0    0    0     0          0         0  1798569   25625    0    0    0     0       0          0
 wlan0:96001055   66292    0    0    0     0          0         0  1798569   25625    0    0    0     0       0          0
 wlan0:96001055   66292    0    0    0     0          0         0  1798569   25625    0    0    0     0       0          0
 wlan0:96001055   66292    0    0    0     0          0         0  1798569   25625    0    0    0     0       0          0
 wlan0:96001055   66292    0    0    0     0          0         0  1798569   25625    0    0    0     0       0          0
 wlan0:96001055   66292    0    0    0     0          0         0  1798569   25625    0    0    0     0       0          0
 wlan0:96001055   66292    0    0    0     0          0         0  1798569   25625    0    0    0     0       0          0
 wlan0:96001055   66292    0    0    0     0          0         0  1798569   25625    0    0    0     0       0          0
 wlan0:96001055   66292    0    0    0     0          0         0  1798569   25625    0    0    0     0       0          0
 wlan0:96001055   66292    0    0    0     0          0         0  1798569   25625    0    0    0     0       0          0
 wlan0:96001055   66292    0    0    0     0          0         0  1798569   25625    0    0    0     0       0          0
 wlan0:96001055   66292    0    0    0     0          0         0  1798569   25625    0    0    0     0       0          0
 wlan0:96001055   66292    0    0    0     0          0         0  1798569   25625    0    0    0     0       0          0
 wlan0:96001055   66292    0    0    0     0          0         0  1798569   25625    0    0    0     0       0          0
 wlan0:96001055   66292    0    0    0     0          0         0  1798569   25625    0    0    0     0       0          0
