 wlan0:22267329   18965    0    0    0     0          0         0  1334973   13296    0    0    0     0       0          0
 wlan0:22267329   18965    0    0    0     0          0         0  1334973   13296    0    0    0     0       0          0
 wlan0:22267329   18965    0    0    0     0          0         0  1334973   13296    0    0    0     0       0          0
 wlan0:22267329   18965    0    0    0     0          0         0  1334973   13296    0    0    0     0       0          0
 wlan0:22267329   18965    0    0    0     0          0         0  1334973   13296    0    0    0     0       0          0
 wlan0:22267329   18965    0    0    0     0          0         0  1334973   13296    0    0    0     0       0          0
 wlan0:22267329   18965    0    0    0     0          0         0  1334973   13296    0    0    0     0       0          0
 wlan0:22267329   18965    0    0    0     0          0         0  1334973   13296    0    0    0     0       0          0
 wlan0:22267329   18965    0    0    0     0          0         0  1334973   13296    0    0    0     0       0          0
 wlan0:22267329   18965    0    0    0     0          0         0  1334973   13296    0    0    0     0       0          0
 wlan0:22267329   18965    0    0    0     0          0         0  1334973   13296    0    0    0     0       0          0
 wlan0:22267329   18965    0    0    0     0          0         0  1334973   13296    0    0    0     0       0          0
 wlan0:22267329   18965    0    0    0     0          0         0  1334973   13296    0    0    0     0       0          0
 wlan0:22267329   18965    0    0    0     0          0         0  1334973   13296    0    0    0     0       0          0
 wlan0:22267329   18965    0    0    0     0          0         0  1334973   13296    0    0    0     0       0          0
 wlan0:22267329   18965    0    0    0     0          0         0  1334973   13296    0    0    0     0       0          0
 wlan0:22267329   18965    0    0    0     0          0         0  1334973   13296    0    0    0     0       0          0
 wlan0:22267329   18965    0    0    0     0          0         0  1334973   13296    0    0    0     0       0          0
 wlan0:22267329   18965    0    0    0     0          0         0  1334973   13296    0    0    0     0       0          0
 wlan0:22267329   18965    0    0    0     0          0         0  1334973   13296    0    0    0     0       0          0
 wlan0:22267329   18965    0    0    0     0          0         0  1334973   13296    0    0    0     0       0          0
 wlan0:22267329   18965    0    0    0     0          0         0  1334973   13296    0    0    0     0       0          0
 wlan0:22267329   18965    0    0    0     0          0         0  1334973   13296    0    0    0     0       0          0
 wlan0:22267329   18965    0    0    0     0          0         0  1334973   13296    0    0    0     0       0          0
