 wlan0:57911301   48144    0    0    0     0          0         0  3001681   34899    0    0    0     0       0          0
 wlan0:57911301   48144    0    0    0     0          0         0  3001681   34899    0    0    0     0       0          0
 wlan0:57911301   48144    0    0    0     0          0         0  3001681   34899    0    0    0     0       0          0
 wlan0:57911301   48144    0    0    0     0          0         0  3001681   34899    0    0    0     0       0          0
 wlan0:57911301   48144    0    0    0     0          0         0  3001681   34899    0    0    0     0       0          0
 wlan0:57911301   48144    0    0    0     0          0         0  3001681   34899    0    0    0     0       0          0
 wlan0:57911301   48144    0    0    0     0          0         0  3001681   34899    0    0    0     0       0          0
 wlan0:57911301   48144    0    0    0     0          0         0  3001681   34899    0    0    0     0       0          0
 wlan0:57911301   48144    0    0    0     0          0         0  3001681   34899    0    0    0     0       0          0
 wlan0:57911301   48144    0    0    0     0          0         0  3001681   34899    0    0    0     0       0          0
 wlan0:57911301   48144    0    0    0     0          0         0  3001681   34899    0    0    0     0       0          0
 wlan0:57911301   48144    0    0    0     0          0         0  3001681   34899    0    0    0     0       0          0
 wlan0:57911301   48144    0    0    0     0          0         0  3001681   34899    0    0    0     0       0          0
 wlan0:57911301   48144    0    0    0     0          0         0  3001681   34899    0    0    0     0       0          0
 wlan0:57911301   48144    0    0    0     0          0         0  3001681   34899    0    0    0     0       0          0
 wlan0:57911301   48144    0    0    0     0          0         0  3001681   34899    0    0    0     0       0          0
 wlan0:57911301   48144    0    0    0     0          0         0  3001681   34899    0    0    0     0       0          0
 wlan0:57911301   48144    0    0    0     0          0         0  3001681   34899    0    0    0     0       0          0
 wlan0:57911301   48144    0    0    0     0          0         0  3001681   34899    0    0    0     0       0          0
 wlan0:57911301   48144    0    0    0     0          0         0  3001681   34899    0    0    0     0       0          0
 wlan0:57911301   48144    0    0    0     0          0         0  3001681   34899    0    0    0     0       0          0
 wlan0:57911301   48144    0    0    0     0          0         0  3001681   34899    0    0    0     0       0          0
 wlan0:57911301   48144    0    0    0     0          0         0  3001681   34899    0    0    0     0       0          0
 wlan0:57911301   48144    0    0    0     0          0         0  3001681   34899    0    0    0     0       0          0
 wlan0:57911301   48144    0    0    0     0          0         0  3001681   34899    0    0    0     0       0          0
