 wlan0:19944448   16129    0    0    0     0          0         0  1483068   11011    0    0    0     0       0          0
 wlan0:19944448   16129    0    0    0     0          0         0  1483068   11011    0    0    0     0       0          0
 wlan0:19944448   16129    0    0    0     0          0         0  1483068   11011    0    0    0     0       0          0
 wlan0:19944448   16129    0    0    0     0          0         0  1483068   11011    0    0    0     0       0          0
 wlan0:20005147   16193    0    0    0     0          0         0  1490417   11076    0    0    0     0       0          0
 wlan0:20073671   16242    0    0    0     0          0         0  1492304   11106    0    0    0     0       0          0
 wlan0:20073991   16247    0    0    0     0          0         0  1492574   11111    0    0    0     0       0          0
 wlan0:20074055   16248    0    0    0     0          0         0  1492628   11112    0    0    0     0       0          0
 wlan0:20074375   16253    0    0    0     0          0         0  1492898   11117    0    0    0     0       0          0
 wlan0:20074439   16254    0    0    0     0          0         0  1492952   11118    0    0    0     0       0          0
 wlan0:20074759   16259    0    0    0     0          0         0  1493222   11123    0    0    0     0       0          0
 wlan0:20074823   16260    0    0    0     0          0         0  1493276   11124    0    0    0     0       0          0
 wlan0:20075143   16265    0    0    0     0          0         0  1493546   11129    0    0    0     0       0          0
 wlan0:20075271   16267    0    0    0     0          0         0  1493642   11131    0    0    0     0       0          0
 wlan0:20075591   16272    0    0    0     0          0         0  1493912   11136    0    0    0     0       0          0
 wlan0:20075655   16273    0    0    0     0          0         0  1493966   11137    0    0    0     0       0          0
 wlan0:20076103   16280    0    0    0     0          0         0  1494290   11143    0    0    0     0       0          0
 wlan0:20076167   16281    0    0    0     0          0         0  1494344   11144    0    0    0     0       0          0
 wlan0:20076423   16285    0    0    0     0          0         0  1494560   11148    0    0    0     0       0          0
 wlan0:20076487   16286    0    0    0     0          0         0  1494614   11149    0    0    0     0       0          0
 wlan0:20076743   16290    0    0    0     0          0         0  1494830   11153    0    0    0     0       0          0
 wlan0:20076807   16291    0    0    0     0          0         0  1494884   11154    0    0    0     0       0          0
 wlan0:20077063   16295    0    0    0     0          0         0  1495100   11158    0    0    0     0       0          0
 wlan0:20077127   16296    0    0    0     0          0         0  1495154   11159    0    0    0     0       0          0
 wlan0:20077383   16300    0    0    0     0          0         0  1495370   11163    0    0    0     0       0          0
