 wlan0:11111223    8452    0    0    0     0          0         0   570375    5421    0    0    0     0       0          0
 wlan0:11111223    8452    0    0    0     0          0         0   570375    5421    0    0    0     0       0          0
 wlan0:11111223    8452    0    0    0     0          0         0   570375    5421    0    0    0     0       0          0
 wlan0:11111223    8452    0    0    0     0          0         0   570375    5421    0    0    0     0       0          0
 wlan0:11111223    8452    0    0    0     0          0         0   570375    5421    0    0    0     0       0          0
 wlan0:11111223    8452    0    0    0     0          0         0   570375    5421    0    0    0     0       0          0
 wlan0:11111223    8452    0    0    0     0          0         0   570375    5421    0    0    0     0       0          0
 wlan0:11111223    8452    0    0    0     0          0         0   570375    5421    0    0    0     0       0          0
 wlan0:11111223    8452    0    0    0     0          0         0   570375    5421    0    0    0     0       0          0
 wlan0:11111223    8452    0    0    0     0          0         0   570375    5421    0    0    0     0       0          0
 wlan0:11111223    8452    0    0    0     0          0         0   570375    5421    0    0    0     0       0          0
 wlan0:11111223    8452    0    0    0     0          0         0   570375    5421    0    0    0     0       0          0
 wlan0:11111223    8452    0    0    0     0          0         0   570375    5421    0    0    0     0       0          0
 wlan0:11111223    8452    0    0    0     0          0         0   570375    5421    0    0    0     0       0          0
 wlan0:11111223    8452    0    0    0     0          0         0   570375    5421    0    0    0     0       0          0
 wlan0:11111223    8452    0    0    0     0          0         0   570375    5421    0    0    0     0       0          0
 wlan0:11111223    8452    0    0    0     0          0         0   570375    5421    0    0    0     0       0          0
 wlan0:11111223    8452    0    0    0     0          0         0   570375    5421    0    0    0     0       0          0
 wlan0:11111223    8452    0    0    0     0          0         0   570375    5421    0    0    0     0       0          0
 wlan0:11111223    8452    0    0    0     0          0         0   570375    5421    0    0    0     0       0          0
 wlan0:11111223    8452    0    0    0     0          0         0   570375    5421    0    0    0     0       0          0
 wlan0:11111223    8452    0    0    0     0          0         0   570375    5421    0    0    0     0       0          0
 wlan0:11111223    8452    0    0    0     0          0         0   570375    5421    0    0    0     0       0          0
 wlan0:11111223    8452    0    0    0     0          0         0   570375    5421    0    0    0     0       0          0
