 wlan0:  313451     401    0    0    0     0          0         0    33738     374    0    0    0     0       0          0
 wlan0:  313899     408    0    0    0     0          0         0    34116     381    0    0    0     0       0          0
 wlan0:  762826     725    0    0    0     0          0         0    44844     569    0    0    0     0       0          0
 wlan0:  787341     773    0    0    0     0          0         0    51649     620    0    0    0     0       0          0
 wlan0:  787917     782    0    0    0     0          0         0    51973     626    0    0    0     0       0          0
 wlan0:  788877     797    0    0    0     0          0         0    52783     641    0    0    0     0       0          0
 wlan0:  804334     818    0    0    0     0          0         0    54749     661    0    0    0     0       0          0
 wlan0:  805102     830    0    0    0     0          0         0    55397     673    0    0    0     0       0          0
 wlan0:  805844     839    0    0    0     0          0         0    56615     682    0    0    0     0       0          0
 wlan0:  806996     857    0    0    0     0          0         0    58263     700    0    0    0     0       0          0
 wlan0: 1008714    1030    0    0    0     0          0         0    73864     863    0    0    0     0       0          0
 wlan0: 1217175    1210    0    0    0     0          0         0    88154    1000    0    0    0     0       0          0
 wlan0: 1533118    1425    0    0    0     0          0         0    96539    1140    0    0    0     0       0          0
 wlan0: 1534684    1438    0    0    0     0          0         0    98527    1153    0    0    0     0       0          0
 wlan0: 1535436    1440    0    0    0     0          0         0    98635    1155    0    0    0     0       0          0
 wlan0: 1536396    1455    0    0    0     0          0         0    99229    1166    0    0    0     0       0          0
 wlan0: 1536524    1457    0    0    0     0          0         0    99337    1168    0    0    0     0       0          0
 wlan0: 1537202    1465    0    0    0     0          0         0   100490    1176    0    0    0     0       0          0
 wlan0: 1537394    1468    0    0    0     0          0         0   101477    1179    0    0    0     0       0          0
 wlan0: 1902595    1721    0    0    0     0          0         0   110539    1323    0    0    0     0       0          0
 wlan0: 2235866    1946    0    0    0     0          0         0   117790    1442    0    0    0     0       0          0
 wlan0: 2236314    1953    0    0    0     0          0         0   118168    1449    0    0    0     0       0          0
 wlan0: 2236926    1961    0    0    0     0          0         0   118663    1456    0    0    0     0       0          0
 wlan0: 2449155    2131    0    0    0     0          0         0   133367    1594    0    0    0     0       0          0
 wlan0: 2515272    2177    0    0    0     0          0         0   136676    1640    0    0    0     0       0          0
