 wlan0:51764524   43657    0    0    0     0          0         0  2784192   31197    0    0    0     0       0          0
 wlan0:51764524   43657    0    0    0     0          0         0  2784192   31197    0    0    0     0       0          0
 wlan0:51764524   43657    0    0    0     0          0         0  2784192   31197    0    0    0     0       0          0
 wlan0:52258193   44089    0    0    0     0          0         0  2816748   31638    0    0    0     0       0          0
 wlan0:53074360   44834    0    0    0     0          0         0  2873350   32387    0    0    0     0       0          0
 wlan0:53502387   45215    0    0    0     0          0         0  2898850   32760    0    0    0     0       0          0
 wlan0:53502643   45219    0    0    0     0          0         0  2899066   32764    0    0    0     0       0          0
 wlan0:53502643   45219    0    0    0     0          0         0  2899066   32764    0    0    0     0       0          0
 wlan0:53502643   45219    0    0    0     0          0         0  2899066   32764    0    0    0     0       0          0
 wlan0:53502643   45219    0    0    0     0          0         0  2899066   32764    0    0    0     0       0          0
 wlan0:53502643   45219    0    0    0     0          0         0  2899066   32764    0    0    0     0       0          0
 wlan0:53502643   45219    0    0    0     0          0         0  2899066   32764    0    0    0     0       0          0
 wlan0:53502643   45219    0    0    0     0          0         0  2899066   32764    0    0    0     0       0          0
 wlan0:53502643   45219    0    0    0     0          0         0  2899066   32764    0    0    0     0       0          0
 wlan0:53502643   45219    0    0    0     0          0         0  2899066   32764    0    0    0     0       0          0
 wlan0:53502643   45219    0    0    0     0          0         0  2899066   32764    0    0    0     0       0          0
 wlan0:53521656   45237    0    0    0     0          0         0  2900414   32783    0    0    0     0       0          0
 wlan0:53521784   45239    0    0    0     0          0         0  2900522   32785    0    0    0     0       0          0
 wlan0:53540797   45257    0    0    0     0          0         0  2901900   32804    0    0    0     0       0          0
 wlan0:53540925   45259    0    0    0     0          0         0  2902008   32806    0    0    0     0       0          0
 wlan0:53540925   45259    0    0    0     0          0         0  2902008   32806    0    0    0     0       0          0
 wlan0:53540925   45259    0    0    0     0          0         0  2902008   32806    0    0    0     0       0          0
 wlan0:53540925   45259    0    0    0     0          0         0  2902008   32806    0    0    0     0       0          0
 wlan0:53541117   45262    0    0    0     0          0         0  2902611   32811    0    0    0     0       0          0
