 wlan0:11021101    8165    0    0    0     0          0         0   360215    5168    0    0    0     0       0          0
 wlan0:11021165    8166    0    0    0     0          0         0   360269    5169    0    0    0     0       0          0
 wlan0:11021165    8166    0    0    0     0          0         0   360269    5169    0    0    0     0       0          0
 wlan0:11021229    8167    0    0    0     0          0         0   360323    5170    0    0    0     0       0          0
 wlan0:11021293    8168    0    0    0     0          0         0   360365    5171    0    0    0     0       0          0
 wlan0:11021357    8169    0    0    0     0          0         0   360419    5172    0    0    0     0       0          0
 wlan0:11021357    8169    0    0    0     0          0         0   360419    5172    0    0    0     0       0          0
 wlan0:11021549    8172    0    0    0     0          0         0   360634    5175    0    0    0     0       0          0
 wlan0:11021549    8172    0    0    0     0          0         0   360634    5175    0    0    0     0       0          0
 wlan0:11021708    8174    0    0    0     0          0         0   360783    5177    0    0    0     0       0          0
 wlan0:11021708    8174    0    0    0     0          0         0   360783    5177    0    0    0     0       0          0
 wlan0:11021708    8174    0    0    0     0          0         0   360783    5177    0    0    0     0       0          0
 wlan0:11021708    8174    0    0    0     0          0         0   360783    5177    0    0    0     0       0          0
 wlan0:11021708    8174    0    0    0     0          0         0   360783    5177    0    0    0     0       0          0
 wlan0:11021708    8174    0    0    0     0          0         0   360783    5177    0    0    0     0       0          0
 wlan0:11021708    8174    0    0    0     0          0         0   360783    5177    0    0    0     0       0          0
 wlan0:11021708    8174    0    0    0     0          0         0   360783    5177    0    0    0     0       0          0
 wlan0:11021708    8174    0    0    0     0          0         0   360783    5177    0    0    0     0       0          0
 wlan0:11021708    8174    0    0    0     0          0         0   360783    5177    0    0    0     0       0          0
 wlan0:11021708    8174    0    0    0     0          0         0   360783    5177    0    0    0     0       0          0
 wlan0:11021708    8174    0    0    0     0          0         0   360783    5177    0    0    0     0       0          0
 wlan0:11022127    8180    0    0    0     0          0         0   361170    5182    0    0    0     0       0          0
 wlan0:11022127    8180    0    0    0     0          0         0   361170    5182    0    0    0     0       0          0
 wlan0:11022127    8180    0    0    0     0          0         0   361170    5182    0    0    0     0       0          0
