 wlan0:39961691   34582    0    0    0     0          0         0  2349059   25079    0    0    0     0       0          0
 wlan0:39963009   34589    0    0    0     0          0         0  2350555   25087    0    0    0     0       0          0
 wlan0:39963137   34591    0    0    0     0          0         0  2350871   25090    0    0    0     0       0          0
 wlan0:40588013   35015    0    0    0     0          0         0  2369689   25430    0    0    0     0       0          0
 wlan0:41526718   35651    0    0    0     0          0         0  2395663   25911    0    0    0     0       0          0
 wlan0:42402745   36252    0    0    0     0          0         0  2420405   26312    0    0    0     0       0          0
 wlan0:43341689   36889    0    0    0     0          0         0  2446703   26799    0    0    0     0       0          0
 wlan0:44291321   37534    0    0    0     0          0         0  2466566   27145    0    0    0     0       0          0
 wlan0:45296479   38211    0    0    0     0          0         0  2484674   27461    0    0    0     0       0          0
 wlan0:45818033   38564    0    0    0     0          0         0  2493800   27630    0    0    0     0       0          0
 wlan0:45818226   38567    0    0    0     0          0         0  2493962   27633    0    0    0     0       0          0
 wlan0:45818354   38569    0    0    0     0          0         0  2494070   27635    0    0    0     0       0          0
 wlan0:45818482   38571    0    0    0     0          0         0  2494178   27637    0    0    0     0       0          0
 wlan0:45819058   38575    0    0    0     0          0         0  2495386   27641    0    0    0     0       0          0
 wlan0:45820780   38583    0    0    0     0          0         0  2496762   27647    0    0    0     0       0          0
 wlan0:45821100   38588    0    0    0     0          0         0  2496924   27650    0    0    0     0       0          0
 wlan0:45821164   38589    0    0    0     0          0         0  2496978   27651    0    0    0     0       0          0
 wlan0:45822544   38596    0    0    0     0          0         0  2497870   27660    0    0    0     0       0          0
 wlan0:45823552   38604    0    0    0     0          0         0  2499854   27667    0    0    0     0       0          0
 wlan0:45840800   38621    0    0    0     0          0         0  2501841   27684    0    0    0     0       0          0
 wlan0:45840928   38623    0    0    0     0          0         0  2501949   27686    0    0    0     0       0          0
 wlan0:45841056   38625    0    0    0     0          0         0  2502057   27688    0    0    0     0       0          0
 wlan0:45841632   38629    0    0    0     0          0         0  2503263   27692    0    0    0     0       0          0
 wlan0:45841696   38630    0    0    0     0          0         0  2503317   27693    0    0    0     0       0          0
