 wlan0:37252198   33420    0    0    0     0          0         0  2272801   21603    0    0    0     0       0          0
 wlan0:37254797   33436    0    0    0     0          0         0  2277832   21619    0    0    0     0       0          0
 wlan0:37256350   33444    0    0    0     0          0         0  2280119   21627    0    0    0     0       0          0
 wlan0:37257998   33453    0    0    0     0          0         0  2282549   21636    0    0    0     0       0          0
 wlan0:37260084   33467    0    0    0     0          0         0  2285419   21650    0    0    0     0       0          0
 wlan0:37262019   33480    0    0    0     0          0         0  2287812   21663    0    0    0     0       0          0
 wlan0:37265154   33494    0    0    0     0          0         0  2290619   21676    0    0    0     0       0          0
 wlan0:37267204   33505    0    0    0     0          0         0  2293973   21685    0    0    0     0       0          0
 wlan0:37270683   33518    0    0    0     0          0         0  2296640   21696    0    0    0     0       0          0
 wlan0:37321015   33571    0    0    0     0          0         0  2302008   21746    0    0    0     0       0          0
 wlan0:37324501   33582    0    0    0     0          0         0  2303151   21757    0    0    0     0       0          0
 wlan0:37403913   33657    0    0    0     0          0         0  2309321   21825    0    0    0     0       0          0
 wlan0:37509880   33747    0    0    0     0          0         0  2315244   21890    0    0    0     0       0          0
 wlan0:37515456   33762    0    0    0     0          0         0  2318243   21904    0    0    0     0       0          0
 wlan0:37516945   33769    0    0    0     0          0         0  2320524   21911    0    0    0     0       0          0
 wlan0:37518529   33777    0    0    0     0          0         0  2322900   21919    0    0    0     0       0          0
 wlan0:37520687   33793    0    0    0     0          0         0  2326130   21935    0    0    0     0       0          0
 wlan0:37522112   33799    0    0    0     0          0         0  2328357   21941    0    0    0     0       0          0
 wlan0:37523537   33805    0    0    0     0          0         0  2330584   21947    0    0    0     0       0          0
 wlan0:37525128   33813    0    0    0     0          0         0  2332811   21953    0    0    0     0       0          0
 wlan0:37526745   33822    0    0    0     0          0         0  2335092   21960    0    0    0     0       0          0
 wlan0:37528170   33828    0    0    0     0          0         0  2337319   21966    0    0    0     0       0          0
 wlan0:37529787   33837    0    0    0     0          0         0  2339739   21975    0    0    0     0       0          0
 wlan0:37531212   33843    0    0    0     0          0         0  2341966   21981    0    0    0     0       0          0
