 wlan0:47017394   40157    0    0    0     0          0         0  2630810   29093    0    0    0     0       0          0
 wlan0:47017394   40157    0    0    0     0          0         0  2630810   29093    0    0    0     0       0          0
 wlan0:47017394   40157    0    0    0     0          0         0  2630810   29093    0    0    0     0       0          0
 wlan0:47379280   40408    0    0    0     0          0         0  2639594   29238    0    0    0     0       0          0
 wlan0:48364720   41066    0    0    0     0          0         0  2657846   29576    0    0    0     0       0          0
 wlan0:48567682   41204    0    0    0     0          0         0  2661680   29647    0    0    0     0       0          0
 wlan0:48567682   41204    0    0    0     0          0         0  2661680   29647    0    0    0     0       0          0
 wlan0:48567682   41204    0    0    0     0          0         0  2661680   29647    0    0    0     0       0          0
 wlan0:48567682   41204    0    0    0     0          0         0  2661680   29647    0    0    0     0       0          0
 wlan0:48567682   41204    0    0    0     0          0         0  2661680   29647    0    0    0     0       0          0
 wlan0:48567682   41204    0    0    0     0          0         0  2661680   29647    0    0    0     0       0          0
 wlan0:48567682   41204    0    0    0     0          0         0  2661680   29647    0    0    0     0       0          0
 wlan0:48567682   41204    0    0    0     0          0         0  2661680   29647    0    0    0     0       0          0
 wlan0:48567682   41204    0    0    0     0          0         0  2661680   29647    0    0    0     0       0          0
 wlan0:48720843   41318    0    0    0     0          0         0  2666959   29709    0    0    0     0       0          0
 wlan0:49105547   41577    0    0    0     0          0         0  2674388   29846    0    0    0     0       0          0
 wlan0:49105547   41577    0    0    0     0          0         0  2674388   29846    0    0    0     0       0          0
 wlan0:49105547   41577    0    0    0     0          0         0  2674388   29846    0    0    0     0       0          0
 wlan0:49105547   41577    0    0    0     0          0         0  2674388   29846    0    0    0     0       0          0
 wlan0:49105547   41577    0    0    0     0          0         0  2674388   29846    0    0    0     0       0          0
 wlan0:49105547   41577    0    0    0     0          0         0  2674388   29846    0    0    0     0       0          0
 wlan0:49105547   41577    0    0    0     0          0         0  2674388   29846    0    0    0     0       0          0
 wlan0:49105547   41577    0    0    0     0          0         0  2674388   29846    0    0    0     0       0          0
 wlan0:49105547   41577    0    0    0     0          0         0  2674388   29846    0    0    0     0       0          0
