 wlan0:22327633   19099    0    0    0     0          0         0  1343439   13377    0    0    0     0       0          0
 wlan0:22327761   19101    0    0    0     0          0         0  1343547   13379    0    0    0     0       0          0
 wlan0:22327825   19102    0    0    0     0          0         0  1343589   13380    0    0    0     0       0          0
 wlan0:22327953   19104    0    0    0     0          0         0  1343697   13382    0    0    0     0       0          0
 wlan0:22327953   19104    0    0    0     0          0         0  1343697   13382    0    0    0     0       0          0
 wlan0:22328209   19108    0    0    0     0          0         0  1343859   13385    0    0    0     0       0          0
 wlan0:22328209   19108    0    0    0     0          0         0  1343859   13385    0    0    0     0       0          0
 wlan0:22328273   19109    0    0    0     0          0         0  1343913   13386    0    0    0     0       0          0
 wlan0:22328273   19109    0    0    0     0          0         0  1343913   13386    0    0    0     0       0          0
 wlan0:22328337   19110    0    0    0     0          0         0  1343967   13387    0    0    0     0       0          0
 wlan0:22328337   19110    0    0    0     0          0         0  1343967   13387    0    0    0     0       0          0
 wlan0:22328401   19111    0    0    0     0          0         0  1344021   13388    0    0    0     0       0          0
 wlan0:22328465   19112    0    0    0     0          0         0  1344063   13389    0    0    0     0       0          0
 wlan0:22328529   19113    0    0    0     0          0         0  1344117   13390    0    0    0     0       0          0
 wlan0:22328529   19113    0    0    0     0          0         0  1344117   13390    0    0    0     0       0          0
 wlan0:22328657   19115    0    0    0     0          0         0  1344225   13392    0    0    0     0       0          0
 wlan0:22328657   19115    0    0    0     0          0         0  1344225   13392    0    0    0     0       0          0
 wlan0:22328721   19116    0    0    0     0          0         0  1344353   13394    0    0    0     0       0          0
 wlan0:22328849   19118    0    0    0     0          0         0  1344461   13396    0    0    0     0       0          0
 wlan0:22328849   19118    0    0    0     0          0         0  1344461   13396    0    0    0     0       0          0
 wlan0:22328913   19119    0    0    0     0          0         0  1344589   13398    0    0    0     0       0          0
 wlan0:22329041   19121    0    0    0     0          0         0  1344697   13400    0    0    0     0       0          0
 wlan0:22331861   19145    0    0    0     0          0         0  1344697   13400    0    0    0     0       0          0
 wlan0:22331989   19147    0    0    0     0          0         0  1344697   13400    0    0    0     0       0          0
