 wlan0:21625983   18702    0    0    0     0          0         0  1158835   13296    0    0    0     0       0          0
 wlan0:21625983   18702    0    0    0     0          0         0  1158835   13296    0    0    0     0       0          0
 wlan0:21625983   18702    0    0    0     0          0         0  1158835   13296    0    0    0     0       0          0
 wlan0:21661428   18732    0    0    0     0          0         0  1161420   13326    0    0    0     0       0          0
 wlan0:21668602   18750    0    0    0     0          0         0  1164266   13340    0    0    0     0       0          0
 wlan0:21678045   18774    0    0    0     0          0         0  1167857   13361    0    0    0     0       0          0
 wlan0:22060877   19064    0    0    0     0          0         0  1186613   13581    0    0    0     0       0          0
 wlan0:22158928   19134    0    0    0     0          0         0  1191005   13650    0    0    0     0       0          0
 wlan0:22158992   19135    0    0    0     0          0         0  1191059   13651    0    0    0     0       0          0
 wlan0:22193618   19169    0    0    0     0          0         0  1193602   13685    0    0    0     0       0          0
 wlan0:22235735   19203    0    0    0     0          0         0  1196437   13719    0    0    0     0       0          0
 wlan0:22292068   19248    0    0    0     0          0         0  1199866   13764    0    0    0     0       0          0
 wlan0:22292132   19249    0    0    0     0          0         0  1199920   13765    0    0    0     0       0          0
 wlan0:22292516   19255    0    0    0     0          0         0  1200244   13771    0    0    0     0       0          0
 wlan0:22292580   19256    0    0    0     0          0         0  1200298   13772    0    0    0     0       0          0
 wlan0:22293123   19264    0    0    0     0          0         0  1200771   13780    0    0    0     0       0          0
 wlan0:22293187   19265    0    0    0     0          0         0  1200825   13781    0    0    0     0       0          0
 wlan0:22293730   19273    0    0    0     0          0         0  1201298   13789    0    0    0     0       0          0
 wlan0:22294337   19282    0    0    0     0          0         0  1201663   13795    0    0    0     0       0          0
 wlan0:22294849   19290    0    0    0     0          0         0  1201987   13801    0    0    0     0       0          0
 wlan0:22294849   19290    0    0    0     0          0         0  1201987   13801    0    0    0     0       0          0
 wlan0:22295396   19298    0    0    0     0          0         0  1202482   13808    0    0    0     0       0          0
 wlan0:22295396   19298    0    0    0     0          0         0  1202482   13808    0    0    0     0       0          0
 wlan0:22295780   19304    0    0    0     0          0         0  1202698   13812    0    0    0     0       0          0
 wlan0:22295780   19304    0    0    0     0          0         0  1202698   13812    0    0    0     0       0          0
