 wlan0: 4942614    5106    0    0    0     0          0         0   431519    4287    0    0    0     0       0          0
 wlan0: 4942678    5107    0    0    0     0          0         0   431573    4288    0    0    0     0       0          0
 wlan0: 4943431    5112    0    0    0     0          0         0   432943    4299    0    0    0     0       0          0
 wlan0: 4943431    5112    0    0    0     0          0         0   432943    4299    0    0    0     0       0          0
 wlan0: 4944248    5118    0    0    0     0          0         0   433829    4305    0    0    0     0       0          0
 wlan0: 4944248    5118    0    0    0     0          0         0   433829    4305    0    0    0     0       0          0
 wlan0: 4944504    5122    0    0    0     0          0         0   434045    4309    0    0    0     0       0          0
 wlan0: 4944504    5122    0    0    0     0          0         0   434045    4309    0    0    0     0       0          0
 wlan0: 4945641    5133    0    0    0     0          0         0   434970    4314    0    0    0     0       0          0
 wlan0: 4945641    5133    0    0    0     0          0         0   434970    4314    0    0    0     0       0          0
 wlan0: 4946458    5139    0    0    0     0          0         0   435855    4320    0    0    0     0       0          0
 wlan0: 4947019    5141    0    0    0     0          0         0   436540    4322    0    0    0     0       0          0
 wlan0: 4947211    5144    0    0    0     0          0         0   436702    4325    0    0    0     0       0          0
 wlan0: 4947275    5145    0    0    0     0          0         0   436756    4326    0    0    0     0       0          0
 wlan0: 4948028    5150    0    0    0     0          0         0   437682    4331    0    0    0     0       0          0
 wlan0: 4948028    5150    0    0    0     0          0         0   437682    4331    0    0    0     0       0          0
 wlan0: 4949037    5159    0    0    0     0          0         0   438730    4340    0    0    0     0       0          0
 wlan0: 4949037    5159    0    0    0     0          0         0   438730    4340    0    0    0     0       0          0
 wlan0: 4949101    5160    0    0    0     0          0         0   438784    4341    0    0    0     0       0          0
 wlan0: 4949101    5160    0    0    0     0          0         0   438784    4341    0    0    0     0       0          0
 wlan0: 4949726    5163    0    0    0     0          0         0   439601    4344    0    0    0     0       0          0
 wlan0: 4949726    5163    0    0    0     0          0         0   439601    4344    0    0    0     0       0          0
 wlan0: 4950287    5165    0    0    0     0          0         0   440269    4346    0    0    0     0       0          0
 wlan0: 4950287    5165    0    0    0     0          0         0   440269    4346    0    0    0     0       0          0
 wlan0: 4950351    5166    0    0    0     0          0         0   440323    4347    0    0    0     0       0          0
