 wlan0:21296194   18341    0    0    0     0          0         0  1133744   12986    0    0    0     0       0          0
 wlan0:21296194   18341    0    0    0     0          0         0  1133744   12986    0    0    0     0       0          0
 wlan0:21296194   18341    0    0    0     0          0         0  1133744   12986    0    0    0     0       0          0
 wlan0:21296194   18341    0    0    0     0          0         0  1133744   12986    0    0    0     0       0          0
 wlan0:21296194   18341    0    0    0     0          0         0  1133744   12986    0    0    0     0       0          0
 wlan0:21296194   18341    0    0    0     0          0         0  1133744   12986    0    0    0     0       0          0
 wlan0:21296194   18341    0    0    0     0          0         0  1133744   12986    0    0    0     0       0          0
 wlan0:21296194   18341    0    0    0     0          0         0  1133744   12986    0    0    0     0       0          0
 wlan0:21296194   18341    0    0    0     0          0         0  1133744   12986    0    0    0     0       0          0
 wlan0:21299505   18346    0    0    0     0          0         0  1134466   12992    0    0    0     0       0          0
 wlan0:21299505   18346    0    0    0     0          0         0  1134466   12992    0    0    0     0       0          0
 wlan0:21299776   18349    0    0    0     0          0         0  1134520   12993    0    0    0     0       0          0
 wlan0:21299904   18351    0    0    0     0          0         0  1134520   12993    0    0    0     0       0          0
 wlan0:21299968   18352    0    0    0     0          0         0  1134574   12994    0    0    0     0       0          0
 wlan0:21299968   18352    0    0    0     0          0         0  1134574   12994    0    0    0     0       0          0
 wlan0:21300032   18353    0    0    0     0          0         0  1134628   12995    0    0    0     0       0          0
 wlan0:21300032   18353    0    0    0     0          0         0  1134628   12995    0    0    0     0       0          0
 wlan0:21303279   18357    0    0    0     0          0         0  1135244   12999    0    0    0     0       0          0
 wlan0:21303279   18357    0    0    0     0          0         0  1135244   12999    0    0    0     0       0          0
 wlan0:21303343   18358    0    0    0     0          0         0  1135298   13000    0    0    0     0       0          0
 wlan0:21303343   18358    0    0    0     0          0         0  1135298   13000    0    0    0     0       0          0
 wlan0:21303407   18359    0    0    0     0          0         0  1135352   13001    0    0    0     0       0          0
 wlan0:21303407   18359    0    0    0     0          0         0  1135352   13001    0    0    0     0       0          0
 wlan0:21303471   18360    0    0    0     0          0         0  1135406   13002    0    0    0     0       0          0
 wlan0:21304217   18362    0    0    0     0          0         0  1135903   13004    0    0    0     0       0          0
