 wlan0:75439213   63597    0    0    0     0          0         0  4066963   46857    0    0    0     0       0          0
 wlan0:75439213   63597    0    0    0     0          0         0  4066963   46857    0    0    0     0       0          0
 wlan0:75439213   63597    0    0    0     0          0         0  4066963   46857    0    0    0     0       0          0
 wlan0:75439213   63597    0    0    0     0          0         0  4066963   46857    0    0    0     0       0          0
 wlan0:75439213   63597    0    0    0     0          0         0  4066963   46857    0    0    0     0       0          0
 wlan0:75439213   63597    0    0    0     0          0         0  4066963   46857    0    0    0     0       0          0
 wlan0:75439213   63597    0    0    0     0          0         0  4066963   46857    0    0    0     0       0          0
 wlan0:75439213   63597    0    0    0     0          0         0  4066963   46857    0    0    0     0       0          0
 wlan0:75439213   63597    0    0    0     0          0         0  4066963   46857    0    0    0     0       0          0
 wlan0:75439213   63597    0    0    0     0          0         0  4066963   46857    0    0    0     0       0          0
 wlan0:75439213   63597    0    0    0     0          0         0  4066963   46857    0    0    0     0       0          0
 wlan0:75439213   63597    0    0    0     0          0         0  4066963   46857    0    0    0     0       0          0
 wlan0:75439213   63597    0    0    0     0          0         0  4066963   46857    0    0    0     0       0          0
 wlan0:75439213   63597    0    0    0     0          0         0  4066963   46857    0    0    0     0       0          0
 wlan0:75439213   63597    0    0    0     0          0         0  4066963   46857    0    0    0     0       0          0
 wlan0:75439213   63597    0    0    0     0          0         0  4066963   46857    0    0    0     0       0          0
 wlan0:75439213   63597    0    0    0     0          0         0  4066963   46857    0    0    0     0       0          0
 wlan0:75439213   63597    0    0    0     0          0         0  4066963   46857    0    0    0     0       0          0
 wlan0:75439213   63597    0    0    0     0          0         0  4066963   46857    0    0    0     0       0          0
 wlan0:75439213   63597    0    0    0     0          0         0  4066963   46857    0    0    0     0       0          0
 wlan0:75439213   63597    0    0    0     0          0         0  4066963   46857    0    0    0     0       0          0
 wlan0:75446486   63617    0    0    0     0          0         0  4069271   46875    0    0    0     0       0          0
 wlan0:75448686   63634    0    0    0     0          0         0  4070510   46884    0    0    0     0       0          0
 wlan0:75448750   63635    0    0    0     0          0         0  4070564   46885    0    0    0     0       0          0
 wlan0:75481676   63664    0    0    0     0          0         0  4073307   46911    0    0    0     0       0          0
