 wlan0:11023649    8192    0    0    0     0          0         0   361170    5182    0    0    0     0       0          0
 wlan0:11023649    8192    0    0    0     0          0         0   361170    5182    0    0    0     0       0          0
 wlan0:11023649    8192    0    0    0     0          0         0   361170    5182    0    0    0     0       0          0
 wlan0:11023649    8192    0    0    0     0          0         0   361170    5182    0    0    0     0       0          0
 wlan0:11023649    8192    0    0    0     0          0         0   361170    5182    0    0    0     0       0          0
 wlan0:11023649    8192    0    0    0     0          0         0   361170    5182    0    0    0     0       0          0
 wlan0:11023649    8192    0    0    0     0          0         0   361170    5182    0    0    0     0       0          0
 wlan0:11023649    8192    0    0    0     0          0         0   361170    5182    0    0    0     0       0          0
 wlan0:11023649    8192    0    0    0     0          0         0   361170    5182    0    0    0     0       0          0
 wlan0:11023649    8192    0    0    0     0          0         0   361170    5182    0    0    0     0       0          0
 wlan0:11023649    8192    0    0    0     0          0         0   361170    5182    0    0    0     0       0          0
 wlan0:11023649    8192    0    0    0     0          0         0   361170    5182    0    0    0     0       0          0
 wlan0:11023649    8192    0    0    0     0          0         0   361170    5182    0    0    0     0       0          0
 wlan0:11023649    8192    0    0    0     0          0         0   361170    5182    0    0    0     0       0          0
 wlan0:11023649    8192    0    0    0     0          0         0   361170    5182    0    0    0     0       0          0
 wlan0:11023649    8192    0    0    0     0          0         0   361170    5182    0    0    0     0       0          0
 wlan0:11023649    8192    0    0    0     0          0         0   361170    5182    0    0    0     0       0          0
 wlan0:11023649    8192    0    0    0     0          0         0   361170    5182    0    0    0     0       0          0
 wlan0:11023649    8192    0    0    0     0          0         0   361170    5182    0    0    0     0       0          0
 wlan0:11023649    8192    0    0    0     0          0         0   361170    5182    0    0    0     0       0          0
 wlan0:11023649    8192    0    0    0     0          0         0   361170    5182    0    0    0     0       0          0
 wlan0:11023649    8192    0    0    0     0          0         0   361170    5182    0    0    0     0       0          0
 wlan0:11023649    8192    0    0    0     0          0         0   361170    5182    0    0    0     0       0          0
 wlan0:11023649    8192    0    0    0     0          0         0   361170    5182    0    0    0     0       0          0
