 wlan0:       0       0    0    0    0     0          0         0        0       0    0    0    0     0       0          0
 wlan0:       0       0    0    0    0     0          0         0        0       0    0    0    0     0       0          0
 wlan0:       0       0    0    0    0     0          0         0        0       0    0    0    0     0       0          0
 wlan0:       0       0    0    0    0     0          0         0        0       0    0    0    0     0       0          0
 wlan0:       0       0    0    0    0     0          0         0        0       0    0    0    0     0       0          0
 wlan0:       0       0    0    0    0     0          0         0        0       0    0    0    0     0       0          0
 wlan0:       0       0    0    0    0     0          0         0        0       0    0    0    0     0       0          0
 wlan0:       0       0    0    0    0     0          0         0        0       0    0    0    0     0       0          0
 wlan0:       0       0    0    0    0     0          0         0        0       0    0    0    0     0       0          0
 wlan0:       0       0    0    0    0     0          0         0        0       0    0    0    0     0       0          0
 wlan0:       0       0    0    0    0     0          0         0        0       0    0    0    0     0       0          0
 wlan0:       0       0    0    0    0     0          0         0        0       0    0    0    0     0       0          0
 wlan0:       0       0    0    0    0     0          0         0        0       0    0    0    0     0       0          0
 wlan0:       0       0    0    0    0     0          0         0        0       0    0    0    0     0       0          0
 wlan0:       0       0    0    0    0     0          0         0        0       0    0    0    0     0       0          0
 wlan0:       0       0    0    0    0     0          0         0        0       0    0    0    0     0       0          0
 wlan0:       0       0    0    0    0     0          0         0        0       0    0    0    0     0       0          0
 wlan0:       0       0    0    0    0     0          0         0        0       0    0    0    0     0       0          0
 wlan0:       0       0    0    0    0     0          0         0        0       0    0    0    0     0       0          0
 wlan0:       0       0    0    0    0     0          0         0        0       0    0    0    0     0       0          0
 wlan0:       0       0    0    0    0     0          0         0        0       0    0    0    0     0       0          0
 wlan0:       0       0    0    0    0     0          0         0        0       0    0    0    0     0       0          0
 wlan0:       0       0    0    0    0     0          0         0        0       0    0    0    0     0       0          0
 wlan0:       0       0    0    0    0     0          0         0        0       0    0    0    0     0       0          0
