 wlan0:57903457   48056    0    0    0     0          0         0  2992891   34813    0    0    0     0       0          0
 wlan0:57904243   48062    0    0    0     0          0         0  2993957   34819    0    0    0     0       0          0
 wlan0:57904594   48067    0    0    0     0          0         0  2994268   34824    0    0    0     0       0          0
 wlan0:57904914   48072    0    0    0     0          0         0  2994538   34829    0    0    0     0       0          0
 wlan0:57905255   48077    0    0    0     0          0         0  2994808   34834    0    0    0     0       0          0
 wlan0:57905575   48082    0    0    0     0          0         0  2995078   34839    0    0    0     0       0          0
 wlan0:57905703   48084    0    0    0     0          0         0  2995186   34841    0    0    0     0       0          0
 wlan0:57906023   48089    0    0    0     0          0         0  2995456   34846    0    0    0     0       0          0
 wlan0:57906279   48093    0    0    0     0          0         0  2995725   34850    0    0    0     0       0          0
 wlan0:57907451   48110    0    0    0     0          0         0  2996767   34867    0    0    0     0       0          0
 wlan0:57907515   48111    0    0    0     0          0         0  2996821   34868    0    0    0     0       0          0
 wlan0:57907579   48112    0    0    0     0          0         0  2996875   34869    0    0    0     0       0          0
 wlan0:57907771   48115    0    0    0     0          0         0  2997090   34872    0    0    0     0       0          0
 wlan0:57908122   48120    0    0    0     0          0         0  2997347   34876    0    0    0     0       0          0
 wlan0:57908122   48120    0    0    0     0          0         0  2997347   34876    0    0    0     0       0          0
 wlan0:57908122   48120    0    0    0     0          0         0  2997347   34876    0    0    0     0       0          0
 wlan0:57908122   48120    0    0    0     0          0         0  2997347   34876    0    0    0     0       0          0
 wlan0:57908716   48123    0    0    0     0          0         0  2998321   34880    0    0    0     0       0          0
 wlan0:57909246   48125    0    0    0     0          0         0  2999171   34882    0    0    0     0       0          0
 wlan0:57909246   48125    0    0    0     0          0         0  2999171   34882    0    0    0     0       0          0
 wlan0:57909776   48127    0    0    0     0          0         0  3000019   34884    0    0    0     0       0          0
 wlan0:57910306   48129    0    0    0     0          0         0  3000874   34886    0    0    0     0       0          0
 wlan0:57910306   48129    0    0    0     0          0         0  3000874   34886    0    0    0     0       0          0
 wlan0:57910370   48130    0    0    0     0          0         0  3000928   34887    0    0    0     0       0          0
 wlan0:57910370   48130    0    0    0     0          0         0  3000928   34887    0    0    0     0       0          0
