 wlan0:80195330   77135    0    0    0     0          0         0  6921114   52535    0    0    0     0       0          0
 wlan0:80195330   77135    0    0    0     0          0         0  6921114   52535    0    0    0     0       0          0
 wlan0:80195330   77135    0    0    0     0          0         0  6921114   52535    0    0    0     0       0          0
 wlan0:80195330   77135    0    0    0     0          0         0  6921114   52535    0    0    0     0       0          0
 wlan0:80195330   77135    0    0    0     0          0         0  6921114   52535    0    0    0     0       0          0
 wlan0:80195330   77135    0    0    0     0          0         0  6921114   52535    0    0    0     0       0          0
 wlan0:80195330   77135    0    0    0     0          0         0  6921114   52535    0    0    0     0       0          0
 wlan0:80195330   77135    0    0    0     0          0         0  6921114   52535    0    0    0     0       0          0
 wlan0:80195330   77135    0    0    0     0          0         0  6921114   52535    0    0    0     0       0          0
 wlan0:80195330   77135    0    0    0     0          0         0  6921114   52535    0    0    0     0       0          0
 wlan0:80195330   77135    0    0    0     0          0         0  6921114   52535    0    0    0     0       0          0
 wlan0:80195330   77135    0    0    0     0          0         0  6921114   52535    0    0    0     0       0          0
 wlan0:80195330   77135    0    0    0     0          0         0  6921114   52535    0    0    0     0       0          0
 wlan0:80195330   77135    0    0    0     0          0         0  6921114   52535    0    0    0     0       0          0
 wlan0:80195330   77135    0    0    0     0          0         0  6921114   52535    0    0    0     0       0          0
 wlan0:80195330   77135    0    0    0     0          0         0  6921114   52535    0    0    0     0       0          0
 wlan0:80195330   77135    0    0    0     0          0         0  6921114   52535    0    0    0     0       0          0
 wlan0:80195330   77135    0    0    0     0          0         0  6921114   52535    0    0    0     0       0          0
 wlan0:80195330   77135    0    0    0     0          0         0  6921114   52535    0    0    0     0       0          0
 wlan0:80195330   77135    0    0    0     0          0         0  6921114   52535    0    0    0     0       0          0
 wlan0:80195330   77135    0    0    0     0          0         0  6921114   52535    0    0    0     0       0          0
 wlan0:80195330   77135    0    0    0     0          0         0  6921114   52535    0    0    0     0       0          0
 wlan0:80195330   77135    0    0    0     0          0         0  6921114   52535    0    0    0     0       0          0
 wlan0:80195330   77135    0    0    0     0          0         0  6921114   52535    0    0    0     0       0          0
 wlan0:80195330   77135    0    0    0     0          0         0  6921114   52535    0    0    0     0       0          0
