 wlan0:27621855   23858    0    0    0     0          0         0  1674258   16915    0    0    0     0       0          0
 wlan0:27622239   23864    0    0    0     0          0         0  1674582   16921    0    0    0     0       0          0
 wlan0:27622559   23869    0    0    0     0          0         0  1674852   16926    0    0    0     0       0          0
 wlan0:27623102   23877    0    0    0     0          0         0  1675325   16934    0    0    0     0       0          0
 wlan0:27624817   23892    0    0    0     0          0         0  1676377   16947    0    0    0     0       0          0
 wlan0:27671676   23935    0    0    0     0          0         0  1678782   16981    0    0    0     0       0          0
 wlan0:27672314   23944    0    0    0     0          0         0  1679350   16990    0    0    0     0       0          0
 wlan0:27672954   23954    0    0    0     0          0         0  1679836   16999    0    0    0     0       0          0
 wlan0:27673828   23967    0    0    0     0          0         0  1680492   17010    0    0    0     0       0          0
 wlan0:27674276   23974    0    0    0     0          0         0  1680870   17017    0    0    0     0       0          0
 wlan0:27674468   23977    0    0    0     0          0         0  1681032   17020    0    0    0     0       0          0
 wlan0:27674916   23984    0    0    0     0          0         0  1681410   17027    0    0    0     0       0          0
 wlan0:27675108   23987    0    0    0     0          0         0  1681572   17030    0    0    0     0       0          0
 wlan0:27675556   23994    0    0    0     0          0         0  1681950   17037    0    0    0     0       0          0
 wlan0:27675907   23999    0    0    0     0          0         0  1682261   17042    0    0    0     0       0          0
 wlan0:27676514   24008    0    0    0     0          0         0  1682788   17051    0    0    0     0       0          0
 wlan0:27738449   24069    0    0    0     0          0         0  1687948   17107    0    0    0     0       0          0
 wlan0:27773226   24117    0    0    0     0          0         0  1691593   17154    0    0    0     0       0          0
 wlan0:27857595   24182    0    0    0     0          0         0  1694768   17196    0    0    0     0       0          0
 wlan0:28853029   24884    0    0    0     0          0         0  1727767   17658    0    0    0     0       0          0
 wlan0:29390684   25257    0    0    0     0          0         0  1744250   17915    0    0    0     0       0          0
 wlan0:29409652   25281    0    0    0     0          0         0  1746254   17935    0    0    0     0       0          0
 wlan0:29462767   25347    0    0    0     0          0         0  1753829   17998    0    0    0     0       0          0
 wlan0:29573660   25466    0    0    0     0          0         0  1763647   18097    0    0    0     0       0          0
