 wlan0:50293456   41028    0    0    0     0          0         0  2378336   29230    0    0    0     0       0          0
 wlan0:50293456   41028    0    0    0     0          0         0  2378336   29230    0    0    0     0       0          0
 wlan0:50293456   41028    0    0    0     0          0         0  2378336   29230    0    0    0     0       0          0
 wlan0:50293456   41028    0    0    0     0          0         0  2378336   29230    0    0    0     0       0          0
 wlan0:50293456   41028    0    0    0     0          0         0  2378336   29230    0    0    0     0       0          0
 wlan0:50293456   41028    0    0    0     0          0         0  2378336   29230    0    0    0     0       0          0
 wlan0:50293456   41028    0    0    0     0          0         0  2378336   29230    0    0    0     0       0          0
 wlan0:50293456   41028    0    0    0     0          0         0  2378336   29230    0    0    0     0       0          0
 wlan0:50293456   41028    0    0    0     0          0         0  2378336   29230    0    0    0     0       0          0
 wlan0:50293456   41028    0    0    0     0          0         0  2378336   29230    0    0    0     0       0          0
 wlan0:50293456   41028    0    0    0     0          0         0  2378336   29230    0    0    0     0       0          0
 wlan0:50293456   41028    0    0    0     0          0         0  2378336   29230    0    0    0     0       0          0
 wlan0:50293456   41028    0    0    0     0          0         0  2378336   29230    0    0    0     0       0          0
 wlan0:50293456   41028    0    0    0     0          0         0  2378336   29230    0    0    0     0       0          0
 wlan0:50293456   41028    0    0    0     0          0         0  2378336   29230    0    0    0     0       0          0
 wlan0:50293456   41028    0    0    0     0          0         0  2378336   29230    0    0    0     0       0          0
 wlan0:50293456   41028    0    0    0     0          0         0  2378336   29230    0    0    0     0       0          0
 wlan0:50294549   41039    0    0    0     0          0         0  2379126   29237    0    0    0     0       0          0
 wlan0:50294894   41043    0    0    0     0          0         0  2379890   29241    0    0    0     0       0          0
 wlan0:50294894   41043    0    0    0     0          0         0  2379890   29241    0    0    0     0       0          0
 wlan0:50294958   41044    0    0    0     0          0         0  2379944   29242    0    0    0     0       0          0
 wlan0:50295303   41048    0    0    0     0          0         0  2380952   29246    0    0    0     0       0          0
 wlan0:50295456   41049    0    0    0     0          0         0  2381006   29247    0    0    0     0       0          0
 wlan0:50295456   41049    0    0    0     0          0         0  2381006   29247    0    0    0     0       0          0
 wlan0:50295801   41053    0    0    0     0          0         0  2381754   29253    0    0    0     0       0          0
