 wlan0:53276384   54860    0    0    0     0          0         0  5713460   38401    0    0    0     0       0          0
 wlan0:53276384   54860    0    0    0     0          0         0  5713460   38401    0    0    0     0       0          0
 wlan0:53282795   54873    0    0    0     0          0         0  5714410   38413    0    0    0     0       0          0
 wlan0:53326533   54905    0    0    0     0          0         0  5717101   38443    0    0    0     0       0          0
 wlan0:53531593   55134    0    0    0     0          0         0  5739405   38598    0    0    0     0       0          0
 wlan0:53575459   55178    0    0    0     0          0         0  5747019   38632    0    0    0     0       0          0
 wlan0:53575779   55183    0    0    0     0          0         0  5747289   38637    0    0    0     0       0          0
 wlan0:53576035   55187    0    0    0     0          0         0  5747451   38640    0    0    0     0       0          0
 wlan0:53576547   55195    0    0    0     0          0         0  5747775   38646    0    0    0     0       0          0
 wlan0:53577075   55197    0    0    0     0          0         0  5748694   38648    0    0    0     0       0          0
 wlan0:53620868   55472    0    0    0     0          0         0  5750834   38674    0    0    0     0       0          0
 wlan0:54465067   56148    0    0    0     0          0         0  5787855   39056    0    0    0     0       0          0
 wlan0:55796521   57047    0    0    0     0          0         0  5821837   39580    0    0    0     0       0          0
 wlan0:55796969   57054    0    0    0     0          0         0  5822053   39584    0    0    0     0       0          0
 wlan0:55797225   57058    0    0    0     0          0         0  5822269   39588    0    0    0     0       0          0
 wlan0:55797417   57061    0    0    0     0          0         0  5822377   39590    0    0    0     0       0          0
 wlan0:55797737   57066    0    0    0     0          0         0  5822593   39594    0    0    0     0       0          0
 wlan0:55804024   57078    0    0    0     0          0         0  5823660   39603    0    0    0     0       0          0
 wlan0:55806204   57102    0    0    0     0          0         0  5823876   39607    0    0    0     0       0          0
 wlan0:55806332   57104    0    0    0     0          0         0  5823984   39609    0    0    0     0       0          0
 wlan0:55811502   57110    0    0    0     0          0         0  5824898   39615    0    0    0     0       0          0
 wlan0:55897273   57193    0    0    0     0          0         0  5831658   39690    0    0    0     0       0          0
 wlan0:56279258   57487    0    0    0     0          0         0  5860317   39942    0    0    0     0       0          0
 wlan0:56353295   57546    0    0    0     0          0         0  5864797   40000    0    0    0     0       0          0
 wlan0:56353953   57550    0    0    0     0          0         0  5865783   40004    0    0    0     0       0          0
