 wlan0:19250661   15744    0    0    0     0          0         0   896781   10792    0    0    0     0       0          0
 wlan0:19250661   15744    0    0    0     0          0         0   896929   10794    0    0    0     0       0          0
 wlan0:19251027   15748    0    0    0     0          0         0   896929   10794    0    0    0     0       0          0
 wlan0:19251229   15750    0    0    0     0          0         0   897003   10795    0    0    0     0       0          0
 wlan0:19282060   15804    0    0    0     0          0         0   906332   10848    0    0    0     0       0          0
 wlan0:19313014   15841    0    0    0     0          0         0   909710   10880    0    0    0     0       0          0
 wlan0:19322381   15875    0    0    0     0          0         0   915724   10913    0    0    0     0       0          0
 wlan0:19322692   15879    0    0    0     0          0         0   915724   10913    0    0    0     0       0          0
 wlan0:19328017   15894    0    0    0     0          0         0   918003   10923    0    0    0     0       0          0
 wlan0:19344473   15916    0    0    0     0          0         0   921942   10946    0    0    0     0       0          0
 wlan0:19345041   15922    0    0    0     0          0         0   922819   10950    0    0    0     0       0          0
 wlan0:19345825   15927    0    0    0     0          0         0   923640   10955    0    0    0     0       0          0
 wlan0:19351854   15943    0    0    0     0          0         0   928379   10970    0    0    0     0       0          0
 wlan0:19352905   15948    0    0    0     0          0         0   929519   10976    0    0    0     0       0          0
 wlan0:19358753   15965    0    0    0     0          0         0   932941   10991    0    0    0     0       0          0
 wlan0:19566846   16147    0    0    0     0          0         0   946959   11129    0    0    0     0       0          0
 wlan0:19574823   16184    0    0    0     0          0         0   949237   11160    0    0    0     0       0          0
 wlan0:19575015   16187    0    0    0     0          0         0   949399   11163    0    0    0     0       0          0
 wlan0:19596208   16221    0    0    0     0          0         0   952779   11194    0    0    0     0       0          0
 wlan0:19596965   16227    0    0    0     0          0         0   954087   11200    0    0    0     0       0          0
 wlan0:19608583   16250    0    0    0     0          0         0   958583   11224    0    0    0     0       0          0
 wlan0:19608711   16252    0    0    0     0          0         0   958742   11226    0    0    0     0       0          0
 wlan0:19609436   16263    0    0    0     0          0         0   959313   11236    0    0    0     0       0          0
 wlan0:19610664   16266    0    0    0     0          0         0   959908   11239    0    0    0     0       0          0
 wlan0:19611143   16273    0    0    0     0          0         0   960327   11246    0    0    0     0       0          0
