 wlan0:39339184   32537    0    0    0     0          0         0  1895883   23255    0    0    0     0       0          0
 wlan0:39662562   32762    0    0    0     0          0         0  1903837   23379    0    0    0     0       0          0
 wlan0:39662690   32764    0    0    0     0          0         0  1903837   23379    0    0    0     0       0          0
 wlan0:39662754   32765    0    0    0     0          0         0  1903891   23380    0    0    0     0       0          0
 wlan0:39662754   32765    0    0    0     0          0         0  1903891   23380    0    0    0     0       0          0
 wlan0:39662818   32766    0    0    0     0          0         0  1903945   23381    0    0    0     0       0          0
 wlan0:39662818   32766    0    0    0     0          0         0  1903945   23381    0    0    0     0       0          0
 wlan0:39735455   32825    0    0    0     0          0         0  1907808   23423    0    0    0     0       0          0
 wlan0:39735455   32825    0    0    0     0          0         0  1907808   23423    0    0    0     0       0          0
 wlan0:39735583   32827    0    0    0     0          0         0  1907916   23425    0    0    0     0       0          0
 wlan0:39735583   32827    0    0    0     0          0         0  1907916   23425    0    0    0     0       0          0
 wlan0:39735711   32829    0    0    0     0          0         0  1908024   23427    0    0    0     0       0          0
 wlan0:39735711   32829    0    0    0     0          0         0  1908024   23427    0    0    0     0       0          0
 wlan0:39735839   32831    0    0    0     0          0         0  1908132   23429    0    0    0     0       0          0
 wlan0:39735839   32831    0    0    0     0          0         0  1908132   23429    0    0    0     0       0          0
 wlan0:39735967   32833    0    0    0     0          0         0  1908240   23431    0    0    0     0       0          0
 wlan0:39735967   32833    0    0    0     0          0         0  1908240   23431    0    0    0     0       0          0
 wlan0:39736095   32835    0    0    0     0          0         0  1908348   23433    0    0    0     0       0          0
 wlan0:39736159   32836    0    0    0     0          0         0  1908390   23434    0    0    0     0       0          0
 wlan0:39736287   32838    0    0    0     0          0         0  1908498   23436    0    0    0     0       0          0
 wlan0:39736287   32838    0    0    0     0          0         0  1908498   23436    0    0    0     0       0          0
 wlan0:39736415   32840    0    0    0     0          0         0  1908606   23438    0    0    0     0       0          0
 wlan0:39736415   32840    0    0    0     0          0         0  1908606   23438    0    0    0     0       0          0
 wlan0:39736543   32842    0    0    0     0          0         0  1908714   23440    0    0    0     0       0          0
 wlan0:39736543   32842    0    0    0     0          0         0  1908714   23440    0    0    0     0       0          0
