 wlan0:39807505   32965    0    0    0     0          0         0  1920048   23558    0    0    0     0       0          0
 wlan0:39826337   32994    0    0    0     0          0         0  1926492   23593    0    0    0     0       0          0
 wlan0:39840006   33030    0    0    0     0          0         0  1933447   23633    0    0    0     0       0          0
 wlan0:39840454   33037    0    0    0     0          0         0  1933825   23640    0    0    0     0       0          0
 wlan0:39843296   33046    0    0    0     0          0         0  1934866   23648    0    0    0     0       0          0
 wlan0:39843296   33046    0    0    0     0          0         0  1934866   23648    0    0    0     0       0          0
 wlan0:39845864   33051    0    0    0     0          0         0  1935700   23652    0    0    0     0       0          0
 wlan0:39845864   33051    0    0    0     0          0         0  1935700   23652    0    0    0     0       0          0
 wlan0:39850158   33059    0    0    0     0          0         0  1937660   23659    0    0    0     0       0          0
 wlan0:39854349   33066    0    0    0     0          0         0  1939668   23666    0    0    0     0       0          0
 wlan0:39854892   33070    0    0    0     0          0         0  1940946   23672    0    0    0     0       0          0
 wlan0:39929145   33132    0    0    0     0          0         0  1945835   23733    0    0    0     0       0          0
 wlan0:39929337   33135    0    0    0     0          0         0  1945889   23734    0    0    0     0       0          0
 wlan0:39929749   33141    0    0    0     0          0         0  1946105   23738    0    0    0     0       0          0
 wlan0:39929813   33142    0    0    0     0          0         0  1946159   23739    0    0    0     0       0          0
 wlan0:39930133   33147    0    0    0     0          0         0  1946375   23743    0    0    0     0       0          0
 wlan0:39930261   33149    0    0    0     0          0         0  1946429   23744    0    0    0     0       0          0
 wlan0:39933576   33161    0    0    0     0          0         0  1948183   23756    0    0    0     0       0          0
 wlan0:39936447   33166    0    0    0     0          0         0  1949381   23761    0    0    0     0       0          0
 wlan0:39936575   33168    0    0    0     0          0         0  1949489   23763    0    0    0     0       0          0
 wlan0:39939138   33172    0    0    0     0          0         0  1950872   23767    0    0    0     0       0          0
 wlan0:39948321   33186    0    0    0     0          0         0  1954364   23781    0    0    0     0       0          0
 wlan0:39952854   33198    0    0    0     0          0         0  1957747   23795    0    0    0     0       0          0
 wlan0:39983394   33222    0    0    0     0          0         0  1959043   23819    0    0    0     0       0          0
 wlan0:39983586   33225    0    0    0     0          0         0  1959205   23822    0    0    0     0       0          0
