 wlan0:  312898     386    0    0    0     0          0         0    28478     347    0    0    0     0       0          0
 wlan0:  312898     386    0    0    0     0          0         0    28478     347    0    0    0     0       0          0
 wlan0:  312898     386    0    0    0     0          0         0    28478     347    0    0    0     0       0          0
 wlan0:  312898     386    0    0    0     0          0         0    28478     347    0    0    0     0       0          0
 wlan0:  312898     386    0    0    0     0          0         0    28478     347    0    0    0     0       0          0
 wlan0:  312898     386    0    0    0     0          0         0    28478     347    0    0    0     0       0          0
 wlan0:  312898     386    0    0    0     0          0         0    28478     347    0    0    0     0       0          0
 wlan0:  312898     386    0    0    0     0          0         0    28478     347    0    0    0     0       0          0
 wlan0:  312898     386    0    0    0     0          0         0    28478     347    0    0    0     0       0          0
 wlan0:  312898     386    0    0    0     0          0         0    28478     347    0    0    0     0       0          0
 wlan0:  312898     386    0    0    0     0          0         0    28478     347    0    0    0     0       0          0
 wlan0:  312898     386    0    0    0     0          0         0    28478     347    0    0    0     0       0          0
 wlan0:  312898     386    0    0    0     0          0         0    28478     347    0    0    0     0       0          0
 wlan0:  312898     386    0    0    0     0          0         0    28478     347    0    0    0     0       0          0
 wlan0:  312898     386    0    0    0     0          0         0    28478     347    0    0    0     0       0          0
 wlan0:  312898     386    0    0    0     0          0         0    28478     347    0    0    0     0       0          0
 wlan0:  312898     386    0    0    0     0          0         0    28478     347    0    0    0     0       0          0
 wlan0:  312898     386    0    0    0     0          0         0    28478     347    0    0    0     0       0          0
 wlan0:  312898     386    0    0    0     0          0         0    28478     347    0    0    0     0       0          0
 wlan0:  312898     386    0    0    0     0          0         0    28478     347    0    0    0     0       0          0
 wlan0:  312898     386    0    0    0     0          0         0    28478     347    0    0    0     0       0          0
 wlan0:  312898     386    0    0    0     0          0         0    28478     347    0    0    0     0       0          0
 wlan0:  312898     386    0    0    0     0          0         0    28478     347    0    0    0     0       0          0
 wlan0:  312898     386    0    0    0     0          0         0    28478     347    0    0    0     0       0          0
