 wlan0:33870362   26327    0    0    0     0          0         0  1871435   16789    0    0    0     0       0          0
 wlan0:33870362   26327    0    0    0     0          0         0  1871435   16789    0    0    0     0       0          0
 wlan0:33870362   26327    0    0    0     0          0         0  1871435   16789    0    0    0     0       0          0
 wlan0:33870362   26327    0    0    0     0          0         0  1871435   16789    0    0    0     0       0          0
 wlan0:33870362   26327    0    0    0     0          0         0  1871435   16789    0    0    0     0       0          0
 wlan0:33870362   26327    0    0    0     0          0         0  1871435   16789    0    0    0     0       0          0
 wlan0:33870362   26327    0    0    0     0          0         0  1871435   16789    0    0    0     0       0          0
 wlan0:33870362   26327    0    0    0     0          0         0  1871435   16789    0    0    0     0       0          0
 wlan0:33870362   26327    0    0    0     0          0         0  1871435   16789    0    0    0     0       0          0
 wlan0:33870362   26327    0    0    0     0          0         0  1871435   16789    0    0    0     0       0          0
 wlan0:33870362   26327    0    0    0     0          0         0  1871435   16789    0    0    0     0       0          0
 wlan0:33870362   26327    0    0    0     0          0         0  1871435   16789    0    0    0     0       0          0
 wlan0:33870362   26327    0    0    0     0          0         0  1871435   16789    0    0    0     0       0          0
 wlan0:33870362   26327    0    0    0     0          0         0  1871435   16789    0    0    0     0       0          0
 wlan0:33870362   26327    0    0    0     0          0         0  1871435   16789    0    0    0     0       0          0
 wlan0:33870362   26327    0    0    0     0          0         0  1871435   16789    0    0    0     0       0          0
 wlan0:33870362   26327    0    0    0     0          0         0  1871435   16789    0    0    0     0       0          0
 wlan0:33870362   26327    0    0    0     0          0         0  1871435   16789    0    0    0     0       0          0
 wlan0:33870362   26327    0    0    0     0          0         0  1871435   16789    0    0    0     0       0          0
 wlan0:33870362   26327    0    0    0     0          0         0  1871435   16789    0    0    0     0       0          0
 wlan0:33870362   26327    0    0    0     0          0         0  1871435   16789    0    0    0     0       0          0
 wlan0:33870362   26327    0    0    0     0          0         0  1871435   16789    0    0    0     0       0          0
 wlan0:33870362   26327    0    0    0     0          0         0  1871435   16789    0    0    0     0       0          0
 wlan0:33870362   26327    0    0    0     0          0         0  1871435   16789    0    0    0     0       0          0
 wlan0:33870362   26327    0    0    0     0          0         0  1871435   16789    0    0    0     0       0          0
