 wlan0:44181389   40306    0    0    0     0          0         0  3609427   26849    0    0    0     0       0          0
 wlan0:44191197   40316    0    0    0     0          0         0  3610733   26859    0    0    0     0       0          0
 wlan0:44231161   40353    0    0    0     0          0         0  3613878   26896    0    0    0     0       0          0
 wlan0:44234078   40369    0    0    0     0          0         0  3616458   26909    0    0    0     0       0          0
 wlan0:45111038   40968    0    0    0     0          0         0  3637155   27272    0    0    0     0       0          0
 wlan0:45111389   40973    0    0    0     0          0         0  3637466   27277    0    0    0     0       0          0
 wlan0:45112839   40985    0    0    0     0          0         0  3638968   27287    0    0    0     0       0          0
 wlan0:45113190   40990    0    0    0     0          0         0  3639279   27292    0    0    0     0       0          0
 wlan0:45117234   41012    0    0    0     0          0         0  3644820   27312    0    0    0     0       0          0
 wlan0:45117649   41018    0    0    0     0          0         0  3646091   27318    0    0    0     0       0          0
 wlan0:45118600   41026    0    0    0     0          0         0  3646523   27326    0    0    0     0       0          0
 wlan0:45119165   41029    0    0    0     0          0         0  3647653   27329    0    0    0     0       0          0
 wlan0:45120180   41038    0    0    0     0          0         0  3649045   27338    0    0    0     0       0          0
 wlan0:45120244   41039    0    0    0     0          0         0  3649099   27339    0    0    0     0       0          0
 wlan0:45121643   41054    0    0    0     0          0         0  3650707   27352    0    0    0     0       0          0
 wlan0:45121866   41057    0    0    0     0          0         0  3650910   27355    0    0    0     0       0          0
 wlan0:45122644   41068    0    0    0     0          0         0  3651544   27365    0    0    0     0       0          0
 wlan0:45123209   41071    0    0    0     0          0         0  3652621   27368    0    0    0     0       0          0
 wlan0:45123560   41076    0    0    0     0          0         0  3652932   27373    0    0    0     0       0          0
 wlan0:45123688   41078    0    0    0     0          0         0  3653040   27375    0    0    0     0       0          0
 wlan0:45124008   41083    0    0    0     0          0         0  3653256   27379    0    0    0     0       0          0
 wlan0:45124295   41087    0    0    0     0          0         0  3653513   27383    0    0    0     0       0          0
 wlan0:45124873   41095    0    0    0     0          0         0  3653967   27390    0    0    0     0       0          0
 wlan0:45125502   41099    0    0    0     0          0         0  3655100   27394    0    0    0     0       0          0
 wlan0:45125630   41101    0    0    0     0          0         0  3655208   27396    0    0    0     0       0          0
