 wlan0: 1373690    1556    0    0    0     0          0         0   140940    1252    0    0    0     0       0          0
 wlan0: 1373754    1557    0    0    0     0          0         0   140994    1253    0    0    0     0       0          0
 wlan0: 1373754    1557    0    0    0     0          0         0   140994    1253    0    0    0     0       0          0
 wlan0: 1395987    1580    0    0    0     0          0         0   143956    1277    0    0    0     0       0          0
 wlan0: 1412301    1595    0    0    0     0          0         0   146254    1290    0    0    0     0       0          0
 wlan0: 1418918    1604    0    0    0     0          0         0   147847    1299    0    0    0     0       0          0
 wlan0: 1419046    1606    0    0    0     0          0         0   147901    1300    0    0    0     0       0          0
 wlan0: 1426359    1613    0    0    0     0          0         0   148884    1308    0    0    0     0       0          0
 wlan0: 1426487    1615    0    0    0     0          0         0   148938    1309    0    0    0     0       0          0
 wlan0: 1432370    1621    0    0    0     0          0         0   149874    1316    0    0    0     0       0          0
 wlan0: 1432498    1623    0    0    0     0          0         0   149928    1317    0    0    0     0       0          0
 wlan0: 1436146    1628    0    0    0     0          0         0   150803    1323    0    0    0     0       0          0
 wlan0: 1439582    1632    0    0    0     0          0         0   151552    1327    0    0    0     0       0          0
 wlan0: 1439710    1634    0    0    0     0          0         0   151606    1328    0    0    0     0       0          0
 wlan0: 1439710    1634    0    0    0     0          0         0   151606    1328    0    0    0     0       0          0
 wlan0: 1439710    1634    0    0    0     0          0         0   151606    1328    0    0    0     0       0          0
 wlan0: 1440129    1640    0    0    0     0          0         0   151993    1333    0    0    0     0       0          0
 wlan0: 1440129    1640    0    0    0     0          0         0   151993    1333    0    0    0     0       0          0
 wlan0: 1440129    1640    0    0    0     0          0         0   151993    1333    0    0    0     0       0          0
 wlan0: 1440129    1640    0    0    0     0          0         0   151993    1333    0    0    0     0       0          0
 wlan0: 1440129    1640    0    0    0     0          0         0   151993    1333    0    0    0     0       0          0
 wlan0: 1440129    1640    0    0    0     0          0         0   151993    1333    0    0    0     0       0          0
 wlan0: 1443775    1645    0    0    0     0          0         0   152869    1339    0    0    0     0       0          0
 wlan0: 1443903    1647    0    0    0     0          0         0   152923    1340    0    0    0     0       0          0
 wlan0: 1443903    1647    0    0    0     0          0         0   152923    1340    0    0    0     0       0          0
