 wlan0:22281168   18987    0    0    0     0          0         0  1336113   13312    0    0    0     0       0          0
 wlan0:22281168   18987    0    0    0     0          0         0  1336113   13312    0    0    0     0       0          0
 wlan0:22281168   18987    0    0    0     0          0         0  1336113   13312    0    0    0     0       0          0
 wlan0:22286861   19004    0    0    0     0          0         0  1338055   13327    0    0    0     0       0          0
 wlan0:22290952   19011    0    0    0     0          0         0  1338271   13331    0    0    0     0       0          0
 wlan0:22290952   19011    0    0    0     0          0         0  1338271   13331    0    0    0     0       0          0
 wlan0:22290952   19011    0    0    0     0          0         0  1338271   13331    0    0    0     0       0          0
 wlan0:22290952   19011    0    0    0     0          0         0  1338271   13331    0    0    0     0       0          0
 wlan0:22290952   19011    0    0    0     0          0         0  1338271   13331    0    0    0     0       0          0
 wlan0:22290952   19011    0    0    0     0          0         0  1338271   13331    0    0    0     0       0          0
 wlan0:22290952   19011    0    0    0     0          0         0  1338271   13331    0    0    0     0       0          0
 wlan0:22290952   19011    0    0    0     0          0         0  1338271   13331    0    0    0     0       0          0
 wlan0:22290952   19011    0    0    0     0          0         0  1338271   13331    0    0    0     0       0          0
 wlan0:22290952   19011    0    0    0     0          0         0  1338271   13331    0    0    0     0       0          0
 wlan0:22297088   19029    0    0    0     0          0         0  1341121   13347    0    0    0     0       0          0
 wlan0:22297088   19029    0    0    0     0          0         0  1341121   13347    0    0    0     0       0          0
 wlan0:22297088   19029    0    0    0     0          0         0  1341121   13347    0    0    0     0       0          0
 wlan0:22297088   19029    0    0    0     0          0         0  1341121   13347    0    0    0     0       0          0
 wlan0:22297088   19029    0    0    0     0          0         0  1341121   13347    0    0    0     0       0          0
 wlan0:22297088   19029    0    0    0     0          0         0  1341121   13347    0    0    0     0       0          0
 wlan0:22297088   19029    0    0    0     0          0         0  1341121   13347    0    0    0     0       0          0
 wlan0:22297088   19029    0    0    0     0          0         0  1341121   13347    0    0    0     0       0          0
 wlan0:22297088   19029    0    0    0     0          0         0  1341121   13347    0    0    0     0       0          0
 wlan0:22297088   19029    0    0    0     0          0         0  1341121   13347    0    0    0     0       0          0
