 wlan0:69595303   57821    0    0    0     0          0         0  3601744   42118    0    0    0     0       0          0
 wlan0:69595495   57824    0    0    0     0          0         0  3601906   42121    0    0    0     0       0          0
 wlan0:69595751   57828    0    0    0     0          0         0  3602122   42125    0    0    0     0       0          0
 wlan0:69595943   57831    0    0    0     0          0         0  3602284   42128    0    0    0     0       0          0
 wlan0:69596263   57836    0    0    0     0          0         0  3602554   42133    0    0    0     0       0          0
 wlan0:69596455   57839    0    0    0     0          0         0  3602716   42136    0    0    0     0       0          0
 wlan0:69596647   57842    0    0    0     0          0         0  3602878   42139    0    0    0     0       0          0
 wlan0:69596839   57845    0    0    0     0          0         0  3603040   42142    0    0    0     0       0          0
 wlan0:69597031   57848    0    0    0     0          0         0  3603202   42145    0    0    0     0       0          0
 wlan0:69597510   57855    0    0    0     0          0         0  3603567   42151    0    0    0     0       0          0
 wlan0:69597861   57860    0    0    0     0          0         0  3603878   42156    0    0    0     0       0          0
 wlan0:69598309   57867    0    0    0     0          0         0  3604971   42167    0    0    0     0       0          0
 wlan0:69612914   57886    0    0    0     0          0         0  3607509   42187    0    0    0     0       0          0
 wlan0:69626533   57903    0    0    0     0          0         0  3608393   42203    0    0    0     0       0          0
 wlan0:69627173   57913    0    0    0     0          0         0  3608771   42210    0    0    0     0       0          0
 wlan0:69643710   57926    0    0    0     0          0         0  3610763   42223    0    0    0     0       0          0
 wlan0:69644449   57933    0    0    0     0          0         0  3610925   42226    0    0    0     0       0          0
 wlan0:69713479   57986    0    0    0     0          0         0  3614632   42264    0    0    0     0       0          0
 wlan0:69726341   58011    0    0    0     0          0         0  3616881   42291    0    0    0     0       0          0
 wlan0:69727702   58020    0    0    0     0          0         0  3618513   42299    0    0    0     0       0          0
 wlan0:69876716   58147    0    0    0     0          0         0  3629376   42417    0    0    0     0       0          0
 wlan0:69968701   58225    0    0    0     0          0         0  3633807   42471    0    0    0     0       0          0
 wlan0:69969469   58237    0    0    0     0          0         0  3634293   42480    0    0    0     0       0          0
 wlan0:69969533   58238    0    0    0     0          0         0  3634347   42481    0    0    0     0       0          0
 wlan0:69979365   58256    0    0    0     0          0         0  3636759   42498    0    0    0     0       0          0
