 wlan0:12170428    9952    0    0    0     0          0         0   703831    5766    0    0    0     0       0          0
 wlan0:12170428    9952    0    0    0     0          0         0   703831    5766    0    0    0     0       0          0
 wlan0:12170428    9952    0    0    0     0          0         0   703831    5766    0    0    0     0       0          0
 wlan0:12170428    9952    0    0    0     0          0         0   703831    5766    0    0    0     0       0          0
 wlan0:12170428    9952    0    0    0     0          0         0   703831    5766    0    0    0     0       0          0
 wlan0:12170428    9952    0    0    0     0          0         0   703831    5766    0    0    0     0       0          0
 wlan0:12170428    9952    0    0    0     0          0         0   703831    5766    0    0    0     0       0          0
 wlan0:12170428    9952    0    0    0     0          0         0   703831    5766    0    0    0     0       0          0
 wlan0:12170428    9952    0    0    0     0          0         0   703831    5766    0    0    0     0       0          0
 wlan0:12170428    9952    0    0    0     0          0         0   703831    5766    0    0    0     0       0          0
 wlan0:12170428    9952    0    0    0     0          0         0   703831    5766    0    0    0     0       0          0
 wlan0:12170428    9952    0    0    0     0          0         0   703831    5766    0    0    0     0       0          0
 wlan0:12170428    9952    0    0    0     0          0         0   703831    5766    0    0    0     0       0          0
 wlan0:12170428    9952    0    0    0     0          0         0   703831    5766    0    0    0     0       0          0
 wlan0:12170428    9952    0    0    0     0          0         0   703831    5766    0    0    0     0       0          0
 wlan0:12170428    9952    0    0    0     0          0         0   703831    5766    0    0    0     0       0          0
 wlan0:12170428    9952    0    0    0     0          0         0   703831    5766    0    0    0     0       0          0
 wlan0:12170428    9952    0    0    0     0          0         0   703831    5766    0    0    0     0       0          0
 wlan0:12170428    9952    0    0    0     0          0         0   703831    5766    0    0    0     0       0          0
 wlan0:12170428    9952    0    0    0     0          0         0   703831    5766    0    0    0     0       0          0
 wlan0:12170428    9952    0    0    0     0          0         0   703831    5766    0    0    0     0       0          0
 wlan0:12170428    9952    0    0    0     0          0         0   703831    5766    0    0    0     0       0          0
 wlan0:12170428    9952    0    0    0     0          0         0   703831    5766    0    0    0     0       0          0
 wlan0:12170428    9952    0    0    0     0          0         0   703831    5766    0    0    0     0       0          0
