 wlan0:67925816   56301    0    0    0     0          0         0  3495787   40909    0    0    0     0       0          0
 wlan0:67925816   56301    0    0    0     0          0         0  3495787   40909    0    0    0     0       0          0
 wlan0:67926072   56305    0    0    0     0          0         0  3496003   40913    0    0    0     0       0          0
 wlan0:68631762   56776    0    0    0     0          0         0  3510588   41175    0    0    0     0       0          0
 wlan0:68632274   56784    0    0    0     0          0         0  3510966   41182    0    0    0     0       0          0
 wlan0:68632274   56784    0    0    0     0          0         0  3510966   41182    0    0    0     0       0          0
 wlan0:68632530   56788    0    0    0     0          0         0  3511182   41186    0    0    0     0       0          0
 wlan0:68632530   56788    0    0    0     0          0         0  3511182   41186    0    0    0     0       0          0
 wlan0:68632914   56794    0    0    0     0          0         0  3511452   41191    0    0    0     0       0          0
 wlan0:68632914   56794    0    0    0     0          0         0  3511452   41191    0    0    0     0       0          0
 wlan0:68633106   56797    0    0    0     0          0         0  3511614   41194    0    0    0     0       0          0
 wlan0:68633265   56799    0    0    0     0          0         0  3511763   41196    0    0    0     0       0          0
 wlan0:68633457   56802    0    0    0     0          0         0  3511925   41199    0    0    0     0       0          0
 wlan0:68633457   56802    0    0    0     0          0         0  3511925   41199    0    0    0     0       0          0
 wlan0:68633649   56805    0    0    0     0          0         0  3512087   41202    0    0    0     0       0          0
 wlan0:68633649   56805    0    0    0     0          0         0  3512087   41202    0    0    0     0       0          0
 wlan0:68633841   56808    0    0    0     0          0         0  3512249   41205    0    0    0     0       0          0
 wlan0:68633905   56809    0    0    0     0          0         0  3512291   41206    0    0    0     0       0          0
 wlan0:68634161   56813    0    0    0     0          0         0  3512507   41210    0    0    0     0       0          0
 wlan0:68634161   56813    0    0    0     0          0         0  3512507   41210    0    0    0     0       0          0
 wlan0:68634652   56820    0    0    0     0          0         0  3512884   41216    0    0    0     0       0          0
 wlan0:68634652   56820    0    0    0     0          0         0  3512884   41216    0    0    0     0       0          0
 wlan0:68634716   56821    0    0    0     0          0         0  3512979   41217    0    0    0     0       0          0
 wlan0:68634811   56822    0    0    0     0          0         0  3513033   41218    0    0    0     0       0          0
 wlan0:68634811   56822    0    0    0     0          0         0  3513033   41218    0    0    0     0       0          0
