 wlan0:13330888   11734    0    0    0     0          0         0   793004    8867    0    0    0     0       0          0
 wlan0:13331208   11739    0    0    0     0          0         0   793274    8872    0    0    0     0       0          0
 wlan0:13331528   11744    0    0    0     0          0         0   793532    8877    0    0    0     0       0          0
 wlan0:13331848   11749    0    0    0     0          0         0   793802    8882    0    0    0     0       0          0
 wlan0:13332104   11753    0    0    0     0          0         0   794018    8886    0    0    0     0       0          0
 wlan0:13332680   11762    0    0    0     0          0         0   794342    8892    0    0    0     0       0          0
 wlan0:13333351   11772    0    0    0     0          0         0   794815    8900    0    0    0     0       0          0
 wlan0:13334001   11781    0    0    0     0          0         0   795288    8908    0    0    0     0       0          0
 wlan0:13334129   11783    0    0    0     0          0         0   795396    8910    0    0    0     0       0          0
 wlan0:13334449   11788    0    0    0     0          0         0   795612    8914    0    0    0     0       0          0
 wlan0:13334513   11789    0    0    0     0          0         0   795666    8915    0    0    0     0       0          0
 wlan0:13334705   11792    0    0    0     0          0         0   795828    8918    0    0    0     0       0          0
 wlan0:13334769   11793    0    0    0     0          0         0   795882    8919    0    0    0     0       0          0
 wlan0:13334961   11796    0    0    0     0          0         0   796044    8922    0    0    0     0       0          0
 wlan0:13335025   11797    0    0    0     0          0         0   796098    8923    0    0    0     0       0          0
 wlan0:13335345   11802    0    0    0     0          0         0   796368    8928    0    0    0     0       0          0
 wlan0:13335473   11804    0    0    0     0          0         0   796476    8930    0    0    0     0       0          0
 wlan0:13335601   11806    0    0    0     0          0         0   796584    8932    0    0    0     0       0          0
 wlan0:13384024   11860    0    0    0     0          0         0   802863    8980    0    0    0     0       0          0
 wlan0:13385207   11878    0    0    0     0          0         0   803714    8995    0    0    0     0       0          0
 wlan0:13400941   11892    0    0    0     0          0         0   805736    9010    0    0    0     0       0          0
 wlan0:13401488   11896    0    0    0     0          0         0   805736    9010    0    0    0     0       0          0
 wlan0:13401616   11898    0    0    0     0          0         0   805844    9012    0    0    0     0       0          0
 wlan0:13438644   11927    0    0    0     0          0         0   810448    9039    0    0    0     0       0          0
 wlan0:13455146   11939    0    0    0     0          0         0   812323    9051    0    0    0     0       0          0
