 wlan0: 7399214    5889    0    0    0     0          0         0   450625    3376    0    0    0     0       0          0
 wlan0: 7399214    5889    0    0    0     0          0         0   450625    3376    0    0    0     0       0          0
 wlan0: 7399214    5889    0    0    0     0          0         0   450625    3376    0    0    0     0       0          0
 wlan0: 7399214    5889    0    0    0     0          0         0   450625    3376    0    0    0     0       0          0
 wlan0: 7399214    5889    0    0    0     0          0         0   450625    3376    0    0    0     0       0          0
 wlan0: 7399214    5889    0    0    0     0          0         0   450625    3376    0    0    0     0       0          0
 wlan0: 7399214    5889    0    0    0     0          0         0   450625    3376    0    0    0     0       0          0
 wlan0: 7399214    5889    0    0    0     0          0         0   450625    3376    0    0    0     0       0          0
 wlan0: 7399214    5889    0    0    0     0          0         0   450625    3376    0    0    0     0       0          0
 wlan0: 7399214    5889    0    0    0     0          0         0   450625    3376    0    0    0     0       0          0
 wlan0: 7399214    5889    0    0    0     0          0         0   450625    3376    0    0    0     0       0          0
 wlan0: 7399214    5889    0    0    0     0          0         0   450625    3376    0    0    0     0       0          0
 wlan0: 7399214    5889    0    0    0     0          0         0   450625    3376    0    0    0     0       0          0
 wlan0: 7399214    5889    0    0    0     0          0         0   450625    3376    0    0    0     0       0          0
 wlan0: 7399214    5889    0    0    0     0          0         0   450625    3376    0    0    0     0       0          0
 wlan0: 7399214    5889    0    0    0     0          0         0   450625    3376    0    0    0     0       0          0
 wlan0: 7399214    5889    0    0    0     0          0         0   450625    3376    0    0    0     0       0          0
 wlan0: 7399214    5889    0    0    0     0          0         0   450625    3376    0    0    0     0       0          0
 wlan0: 7399214    5889    0    0    0     0          0         0   450625    3376    0    0    0     0       0          0
 wlan0: 7399214    5889    0    0    0     0          0         0   450625    3376    0    0    0     0       0          0
 wlan0: 7399214    5889    0    0    0     0          0         0   450625    3376    0    0    0     0       0          0
 wlan0: 7399214    5889    0    0    0     0          0         0   450625    3376    0    0    0     0       0          0
 wlan0: 7399214    5889    0    0    0     0          0         0   450625    3376    0    0    0     0       0          0
 wlan0: 7399214    5889    0    0    0     0          0         0   450625    3376    0    0    0     0       0          0
