 wlan0:33968015   26651    0    0    0     0          0         0  1902076   17098    0    0    0     0       0          0
 wlan0:33968015   26651    0    0    0     0          0         0  1902076   17098    0    0    0     0       0          0
 wlan0:33968015   26651    0    0    0     0          0         0  1902076   17098    0    0    0     0       0          0
 wlan0:33968015   26651    0    0    0     0          0         0  1902076   17098    0    0    0     0       0          0
 wlan0:33968015   26651    0    0    0     0          0         0  1902076   17098    0    0    0     0       0          0
 wlan0:33968015   26651    0    0    0     0          0         0  1902076   17098    0    0    0     0       0          0
 wlan0:33968015   26651    0    0    0     0          0         0  1902076   17098    0    0    0     0       0          0
 wlan0:33968015   26651    0    0    0     0          0         0  1902076   17098    0    0    0     0       0          0
 wlan0:33968015   26651    0    0    0     0          0         0  1902076   17098    0    0    0     0       0          0
 wlan0:33968015   26651    0    0    0     0          0         0  1902076   17098    0    0    0     0       0          0
 wlan0:33968015   26651    0    0    0     0          0         0  1902076   17098    0    0    0     0       0          0
 wlan0:33968015   26651    0    0    0     0          0         0  1902076   17098    0    0    0     0       0          0
 wlan0:33968015   26651    0    0    0     0          0         0  1902076   17098    0    0    0     0       0          0
 wlan0:33968015   26651    0    0    0     0          0         0  1902076   17098    0    0    0     0       0          0
 wlan0:33968015   26651    0    0    0     0          0         0  1902076   17098    0    0    0     0       0          0
 wlan0:33968015   26651    0    0    0     0          0         0  1902076   17098    0    0    0     0       0          0
 wlan0:33968015   26651    0    0    0     0          0         0  1902076   17098    0    0    0     0       0          0
 wlan0:33968015   26651    0    0    0     0          0         0  1902076   17098    0    0    0     0       0          0
 wlan0:33968015   26651    0    0    0     0          0         0  1902076   17098    0    0    0     0       0          0
 wlan0:33968015   26651    0    0    0     0          0         0  1902076   17098    0    0    0     0       0          0
 wlan0:33968015   26651    0    0    0     0          0         0  1902076   17098    0    0    0     0       0          0
 wlan0:33968015   26651    0    0    0     0          0         0  1902076   17098    0    0    0     0       0          0
 wlan0:33968015   26651    0    0    0     0          0         0  1902076   17098    0    0    0     0       0          0
 wlan0:33968015   26651    0    0    0     0          0         0  1902076   17098    0    0    0     0       0          0
 wlan0:33968015   26651    0    0    0     0          0         0  1902076   17098    0    0    0     0       0          0
