 wlan0: 5526840    5666    0    0    0     0          0         0   599482    4122    0    0    0     0       0          0
 wlan0: 5530355    5673    0    0    0     0          0         0   601058    4129    0    0    0     0       0          0
 wlan0: 5530419    5674    0    0    0     0          0         0   601112    4130    0    0    0     0       0          0
 wlan0: 5530710    5678    0    0    0     0          0         0   602397    4134    0    0    0     0       0          0
 wlan0: 5530774    5679    0    0    0     0          0         0   602451    4135    0    0    0     0       0          0
 wlan0: 5585787    5744    0    0    0     0          0         0   612779    4191    0    0    0     0       0          0
 wlan0: 5600864    5774    0    0    0     0          0         0   618927    4218    0    0    0     0       0          0
 wlan0: 5601056    5777    0    0    0     0          0         0   619089    4221    0    0    0     0       0          0
 wlan0: 5614645    5793    0    0    0     0          0         0   622582    4237    0    0    0     0       0          0
 wlan0: 5638559    5819    0    0    0     0          0         0   627119    4261    0    0    0     0       0          0
 wlan0: 5638718    5821    0    0    0     0          0         0   627268    4263    0    0    0     0       0          0
 wlan0: 5641452    5833    0    0    0     0          0         0   632820    4275    0    0    0     0       0          0
 wlan0: 5643323    5835    0    0    0     0          0         0   632928    4277    0    0    0     0       0          0
 wlan0: 5644053    5839    0    0    0     0          0         0   633144    4281    0    0    0     0       0          0
 wlan0: 5644420    5843    0    0    0     0          0         0   634613    4283    0    0    0     0       0          0
 wlan0: 5646946    5853    0    0    0     0          0         0   636539    4291    0    0    0     0       0          0
 wlan0: 5655472    5869    0    0    0     0          0         0   640989    4305    0    0    0     0       0          0
 wlan0: 5713032    5943    0    0    0     0          0         0   653965    4375    0    0    0     0       0          0
 wlan0: 5713191    5945    0    0    0     0          0         0   654114    4377    0    0    0     0       0          0
 wlan0: 5713447    5949    0    0    0     0          0         0   654330    4381    0    0    0     0       0          0
 wlan0: 5713634    5951    0    0    0     0          0         0   654507    4383    0    0    0     0       0          0
 wlan0: 5716096    5960    0    0    0     0          0         0   656437    4392    0    0    0     0       0          0
 wlan0: 5722630    5971    0    0    0     0          0         0   658690    4403    0    0    0     0       0          0
 wlan0: 5732430    5995    0    0    0     0          0         0   667274    4427    0    0    0     0       0          0
 wlan0: 5734565    6000    0    0    0     0          0         0   669106    4432    0    0    0     0       0          0
