 wlan0: 7771490    6230    0    0    0     0          0         0   470455    3598    0    0    0     0       0          0
 wlan0: 7771618    6232    0    0    0     0          0         0   470563    3600    0    0    0     0       0          0
 wlan0: 7874447    6306    0    0    0     0          0         0   474111    3650    0    0    0     0       0          0
 wlan0: 7874575    6308    0    0    0     0          0         0   474219    3652    0    0    0     0       0          0
 wlan0: 7874703    6310    0    0    0     0          0         0   474327    3654    0    0    0     0       0          0
 wlan0: 7875177    6316    0    0    0     0          0         0   474761    3660    0    0    0     0       0          0
 wlan0: 7875305    6318    0    0    0     0          0         0   474869    3662    0    0    0     0       0          0
 wlan0: 7875433    6320    0    0    0     0          0         0   474977    3664    0    0    0     0       0          0
 wlan0: 7875561    6322    0    0    0     0          0         0   475085    3666    0    0    0     0       0          0
 wlan0: 7875689    6324    0    0    0     0          0         0   475193    3668    0    0    0     0       0          0
 wlan0: 7875817    6326    0    0    0     0          0         0   475301    3670    0    0    0     0       0          0
 wlan0: 7875945    6328    0    0    0     0          0         0   475409    3672    0    0    0     0       0          0
 wlan0: 7876073    6330    0    0    0     0          0         0   475517    3674    0    0    0     0       0          0
 wlan0: 7877558    6344    0    0    0     0          0         0   477862    3689    0    0    0     0       0          0
 wlan0: 7877935    6348    0    0    0     0          0         0   478120    3693    0    0    0     0       0          0
 wlan0: 7878490    6356    0    0    0     0          0         0   478551    3700    0    0    0     0       0          0
 wlan0: 7878490    6356    0    0    0     0          0         0   478551    3700    0    0    0     0       0          0
 wlan0: 7878900    6361    0    0    0     0          0         0   478931    3705    0    0    0     0       0          0
 wlan0: 7879221    6365    0    0    0     0          0         0   479215    3709    0    0    0     0       0          0
 wlan0: 7879285    6366    0    0    0     0          0         0   479269    3710    0    0    0     0       0          0
 wlan0: 7880192    6376    0    0    0     0          0         0   480073    3717    0    0    0     0       0          0
 wlan0: 7880320    6378    0    0    0     0          0         0   480073    3717    0    0    0     0       0          0
 wlan0: 7880384    6379    0    0    0     0          0         0   480127    3718    0    0    0     0       0          0
 wlan0: 7890301    6394    0    0    0     0          0         0   482757    3734    0    0    0     0       0          0
