 wlan0:79660735   76450    0    0    0     0          0         0  6876972   52044    0    0    0     0       0          0
 wlan0:79660735   76450    0    0    0     0          0         0  6876972   52044    0    0    0     0       0          0
 wlan0:79660735   76450    0    0    0     0          0         0  6876972   52044    0    0    0     0       0          0
 wlan0:79660735   76450    0    0    0     0          0         0  6876972   52044    0    0    0     0       0          0
 wlan0:79660735   76450    0    0    0     0          0         0  6876972   52044    0    0    0     0       0          0
 wlan0:79660735   76450    0    0    0     0          0         0  6876972   52044    0    0    0     0       0          0
 wlan0:79660735   76450    0    0    0     0          0         0  6876972   52044    0    0    0     0       0          0
 wlan0:79660735   76450    0    0    0     0          0         0  6876972   52044    0    0    0     0       0          0
 wlan0:79660735   76450    0    0    0     0          0         0  6876972   52044    0    0    0     0       0          0
 wlan0:79660735   76450    0    0    0     0          0         0  6876972   52044    0    0    0     0       0          0
 wlan0:79660735   76450    0    0    0     0          0         0  6876972   52044    0    0    0     0       0          0
 wlan0:79660735   76450    0    0    0     0          0         0  6876972   52044    0    0    0     0       0          0
 wlan0:79660735   76450    0    0    0     0          0         0  6876972   52044    0    0    0     0       0          0
 wlan0:79660735   76450    0    0    0     0          0         0  6876972   52044    0    0    0     0       0          0
 wlan0:79660735   76450    0    0    0     0          0         0  6876972   52044    0    0    0     0       0          0
 wlan0:79660735   76450    0    0    0     0          0         0  6876972   52044    0    0    0     0       0          0
 wlan0:79660735   76450    0    0    0     0          0         0  6876972   52044    0    0    0     0       0          0
 wlan0:79660735   76450    0    0    0     0          0         0  6876972   52044    0    0    0     0       0          0
 wlan0:79660735   76450    0    0    0     0          0         0  6876972   52044    0    0    0     0       0          0
 wlan0:79660735   76450    0    0    0     0          0         0  6876972   52044    0    0    0     0       0          0
 wlan0:79660735   76450    0    0    0     0          0         0  6876972   52044    0    0    0     0       0          0
 wlan0:79660735   76450    0    0    0     0          0         0  6876972   52044    0    0    0     0       0          0
 wlan0:79660735   76450    0    0    0     0          0         0  6876972   52044    0    0    0     0       0          0
 wlan0:79660735   76450    0    0    0     0          0         0  6876972   52044    0    0    0     0       0          0
 wlan0:79660735   76450    0    0    0     0          0         0  6876972   52044    0    0    0     0       0          0
