 wlan0:38510234   35195    0    0    0     0          0         0  2545533   23154    0    0    0     0       0          0
 wlan0:38512397   35206    0    0    0     0          0         0  2548574   23165    0    0    0     0       0          0
 wlan0:38514185   35217    0    0    0     0          0         0  2551070   23175    0    0    0     0       0          0
 wlan0:38564338   35272    0    0    0     0          0         0  2556138   23222    0    0    0     0       0          0
 wlan0:38603502   35322    0    0    0     0          0         0  2562016   23272    0    0    0     0       0          0
 wlan0:38627656   35367    0    0    0     0          0         0  2566123   23315    0    0    0     0       0          0
 wlan0:38659911   35413    0    0    0     0          0         0  2571237   23354    0    0    0     0       0          0
 wlan0:38668448   35435    0    0    0     0          0         0  2575093   23376    0    0    0     0       0          0
 wlan0:38676718   35463    0    0    0     0          0         0  2579783   23404    0    0    0     0       0          0
 wlan0:38833636   35586    0    0    0     0          0         0  2588237   23508    0    0    0     0       0          0
 wlan0:38951995   35687    0    0    0     0          0         0  2595920   23593    0    0    0     0       0          0
 wlan0:39024100   35771    0    0    0     0          0         0  2603923   23669    0    0    0     0       0          0
 wlan0:39101355   35872    0    0    0     0          0         0  2612288   23754    0    0    0     0       0          0
 wlan0:39128470   35906    0    0    0     0          0         0  2616599   23786    0    0    0     0       0          0
 wlan0:39182044   35972    0    0    0     0          0         0  2623241   23847    0    0    0     0       0          0
 wlan0:39202282   35994    0    0    0     0          0         0  2626502   23869    0    0    0     0       0          0
 wlan0:39235262   36036    0    0    0     0          0         0  2631353   23911    0    0    0     0       0          0
 wlan0:39324567   36111    0    0    0     0          0         0  2637168   23974    0    0    0     0       0          0
 wlan0:39334839   36132    0    0    0     0          0         0  2640699   23995    0    0    0     0       0          0
 wlan0:39409944   36197    0    0    0     0          0         0  2646012   24049    0    0    0     0       0          0
 wlan0:39411369   36203    0    0    0     0          0         0  2648239   24055    0    0    0     0       0          0
 wlan0:39429163   36223    0    0    0     0          0         0  2651392   24075    0    0    0     0       0          0
 wlan0:39504081   36295    0    0    0     0          0         0  2657847   24147    0    0    0     0       0          0
 wlan0:39565698   36366    0    0    0     0          0         0  2664666   24216    0    0    0     0       0          0
