 wlan0:58707698   60267    0    0    0     0          0         0  6093345   42099    0    0    0     0       0          0
 wlan0:58790420   60349    0    0    0     0          0         0  6101184   42166    0    0    0     0       0          0
 wlan0:58828106   60382    0    0    0     0          0         0  6104237   42195    0    0    0     0       0          0
 wlan0:58842183   60403    0    0    0     0          0         0  6107352   42213    0    0    0     0       0          0
 wlan0:58843447   60407    0    0    0     0          0         0  6108117   42217    0    0    0     0       0          0
 wlan0:58851763   60424    0    0    0     0          0         0  6112141   42234    0    0    0     0       0          0
 wlan0:58881016   60452    0    0    0     0          0         0  6117641   42263    0    0    0     0       0          0
 wlan0:58882201   60467    0    0    0     0          0         0  6118341   42274    0    0    0     0       0          0
 wlan0:58961562   60542    0    0    0     0          0         0  6127208   42341    0    0    0     0       0          0
 wlan0:59246778   60776    0    0    0     0          0         0  6146931   42502    0    0    0     0       0          0
 wlan0:59249220   60791    0    0    0     0          0         0  6148785   42515    0    0    0     0       0          0
 wlan0:59249732   60799    0    0    0     0          0         0  6149217   42523    0    0    0     0       0          0
 wlan0:59249924   60802    0    0    0     0          0         0  6149379   42526    0    0    0     0       0          0
 wlan0:59250436   60810    0    0    0     0          0         0  6149811   42534    0    0    0     0       0          0
 wlan0:59252043   60818    0    0    0     0          0         0  6150732   42540    0    0    0     0       0          0
 wlan0:59284044   60884    0    0    0     0          0         0  6159630   42605    0    0    0     0       0          0
 wlan0:59382510   60982    0    0    0     0          0         0  6168692   42698    0    0    0     0       0          0
 wlan0:59566607   61132    0    0    0     0          0         0  6181241   42828    0    0    0     0       0          0
 wlan0:59567453   61139    0    0    0     0          0         0  6182674   42835    0    0    0     0       0          0
 wlan0:59568221   61151    0    0    0     0          0         0  6183268   42846    0    0    0     0       0          0
 wlan0:59569067   61158    0    0    0     0          0         0  6184500   42853    0    0    0     0       0          0
 wlan0:59569707   61168    0    0    0     0          0         0  6185040   42863    0    0    0     0       0          0
 wlan0:59570027   61173    0    0    0     0          0         0  6185310   42868    0    0    0     0       0          0
 wlan0:59570667   61183    0    0    0     0          0         0  6185850   42878    0    0    0     0       0          0
 wlan0:59571577   61191    0    0    0     0          0         0  6187948   42886    0    0    0     0       0          0
