 wlan0: 2501678    2440    0    0    0     0          0         0   346361    1782    0    0    0     0       0          0
 wlan0: 2501806    2442    0    0    0     0          0         0   346361    1782    0    0    0     0       0          0
 wlan0: 2502273    2444    0    0    0     0          0         0   346945    1784    0    0    0     0       0          0
 wlan0: 2504431    2447    0    0    0     0          0         0   347585    1787    0    0    0     0       0          0
 wlan0: 2504959    2453    0    0    0     0          0         0   348031    1793    0    0    0     0       0          0
 wlan0: 2506242    2471    0    0    0     0          0         0   349832    1811    0    0    0     0       0          0
 wlan0: 2507932    2476    0    0    0     0          0         0   350178    1816    0    0    0     0       0          0
 wlan0: 2509430    2478    0    0    0     0          0         0   350785    1818    0    0    0     0       0          0
 wlan0: 2509430    2478    0    0    0     0          0         0   350859    1819    0    0    0     0       0          0
 wlan0: 2509494    2479    0    0    0     0          0         0   350913    1820    0    0    0     0       0          0
 wlan0: 2509494    2479    0    0    0     0          0         0   350913    1820    0    0    0     0       0          0
 wlan0: 2511153    2482    0    0    0     0          0         0   351693    1823    0    0    0     0       0          0
 wlan0: 2512897    2486    0    0    0     0          0         0   352306    1825    0    0    0     0       0          0
 wlan0: 2513025    2488    0    0    0     0          0         0   352380    1826    0    0    0     0       0          0
 wlan0: 2513089    2489    0    0    0     0          0         0   352434    1827    0    0    0     0       0          0
 wlan0: 2514613    2491    0    0    0     0          0         0   353155    1829    0    0    0     0       0          0
 wlan0: 2514613    2491    0    0    0     0          0         0   353155    1829    0    0    0     0       0          0
 wlan0: 2514677    2492    0    0    0     0          0         0   353209    1830    0    0    0     0       0          0
 wlan0: 2514677    2492    0    0    0     0          0         0   353209    1830    0    0    0     0       0          0
 wlan0: 2514805    2494    0    0    0     0          0         0   353263    1831    0    0    0     0       0          0
 wlan0: 2517496    2500    0    0    0     0          0         0   354662    1838    0    0    0     0       0          0
 wlan0: 2517624    2502    0    0    0     0          0         0   354770    1840    0    0    0     0       0          0
 wlan0: 2694184    2661    0    0    0     0          0         0   366632    1958    0    0    0     0       0          0
 wlan0: 4056787    3591    0    0    0     0          0         0   392995    2382    0    0    0     0       0          0
