 wlan0:39910478   37220    0    0    0     0          0         0  2774347   25027    0    0    0     0       0          0
 wlan0:39910478   37220    0    0    0     0          0         0  2774347   25027    0    0    0     0       0          0
 wlan0:39910478   37220    0    0    0     0          0         0  2774347   25027    0    0    0     0       0          0
 wlan0:39910478   37220    0    0    0     0          0         0  2774347   25027    0    0    0     0       0          0
 wlan0:39910478   37220    0    0    0     0          0         0  2774347   25027    0    0    0     0       0          0
 wlan0:39910478   37220    0    0    0     0          0         0  2774347   25027    0    0    0     0       0          0
 wlan0:39910478   37220    0    0    0     0          0         0  2774347   25027    0    0    0     0       0          0
 wlan0:39910478   37220    0    0    0     0          0         0  2774347   25027    0    0    0     0       0          0
 wlan0:39910478   37220    0    0    0     0          0         0  2774347   25027    0    0    0     0       0          0
 wlan0:39910478   37220    0    0    0     0          0         0  2774347   25027    0    0    0     0       0          0
 wlan0:39910478   37220    0    0    0     0          0         0  2774347   25027    0    0    0     0       0          0
 wlan0:39910478   37220    0    0    0     0          0         0  2774347   25027    0    0    0     0       0          0
 wlan0:39910478   37220    0    0    0     0          0         0  2774347   25027    0    0    0     0       0          0
 wlan0:39910478   37220    0    0    0     0          0         0  2774347   25027    0    0    0     0       0          0
 wlan0:39910478   37220    0    0    0     0          0         0  2774347   25027    0    0    0     0       0          0
 wlan0:39910478   37220    0    0    0     0          0         0  2774347   25027    0    0    0     0       0          0
 wlan0:39910478   37220    0    0    0     0          0         0  2774347   25027    0    0    0     0       0          0
 wlan0:39910478   37220    0    0    0     0          0         0  2774347   25027    0    0    0     0       0          0
 wlan0:39910478   37220    0    0    0     0          0         0  2774347   25027    0    0    0     0       0          0
 wlan0:39910478   37220    0    0    0     0          0         0  2774347   25027    0    0    0     0       0          0
 wlan0:39910478   37220    0    0    0     0          0         0  2774347   25027    0    0    0     0       0          0
 wlan0:39910478   37220    0    0    0     0          0         0  2774347   25027    0    0    0     0       0          0
 wlan0:39910478   37220    0    0    0     0          0         0  2774347   25027    0    0    0     0       0          0
 wlan0:39910478   37220    0    0    0     0          0         0  2774347   25027    0    0    0     0       0          0
