 wlan0:21762357   18094    0    0    0     0          0         0  1251095   12530    0    0    0     0       0          0
 wlan0:21762357   18094    0    0    0     0          0         0  1251095   12530    0    0    0     0       0          0
 wlan0:21762357   18094    0    0    0     0          0         0  1251095   12530    0    0    0     0       0          0
 wlan0:21762357   18094    0    0    0     0          0         0  1251095   12530    0    0    0     0       0          0
 wlan0:21762357   18094    0    0    0     0          0         0  1251095   12530    0    0    0     0       0          0
 wlan0:21762357   18094    0    0    0     0          0         0  1251095   12530    0    0    0     0       0          0
 wlan0:21762357   18094    0    0    0     0          0         0  1251095   12530    0    0    0     0       0          0
 wlan0:21762357   18094    0    0    0     0          0         0  1251095   12530    0    0    0     0       0          0
 wlan0:21762357   18094    0    0    0     0          0         0  1251095   12530    0    0    0     0       0          0
 wlan0:21762357   18094    0    0    0     0          0         0  1251095   12530    0    0    0     0       0          0
 wlan0:21762357   18094    0    0    0     0          0         0  1251095   12530    0    0    0     0       0          0
 wlan0:21762357   18094    0    0    0     0          0         0  1251095   12530    0    0    0     0       0          0
 wlan0:21762357   18094    0    0    0     0          0         0  1251095   12530    0    0    0     0       0          0
 wlan0:21762357   18094    0    0    0     0          0         0  1251095   12530    0    0    0     0       0          0
 wlan0:21762357   18094    0    0    0     0          0         0  1251095   12530    0    0    0     0       0          0
 wlan0:21762357   18094    0    0    0     0          0         0  1251095   12530    0    0    0     0       0          0
 wlan0:21762357   18094    0    0    0     0          0         0  1251095   12530    0    0    0     0       0          0
 wlan0:21762357   18094    0    0    0     0          0         0  1251095   12530    0    0    0     0       0          0
 wlan0:21762357   18094    0    0    0     0          0         0  1251095   12530    0    0    0     0       0          0
 wlan0:21762357   18094    0    0    0     0          0         0  1251095   12530    0    0    0     0       0          0
 wlan0:21762357   18094    0    0    0     0          0         0  1251095   12530    0    0    0     0       0          0
 wlan0:21762357   18094    0    0    0     0          0         0  1251095   12530    0    0    0     0       0          0
 wlan0:21762357   18094    0    0    0     0          0         0  1251095   12530    0    0    0     0       0          0
 wlan0:21762357   18094    0    0    0     0          0         0  1251095   12530    0    0    0     0       0          0
