 wlan0:12076166    9367    0    0    0     0          0         0   646238    6280    0    0    0     0       0          0
 wlan0:12083782    9385    0    0    0     0          0         0   649652    6298    0    0    0     0       0          0
 wlan0:12085595    9389    0    0    0     0          0         0   650199    6302    0    0    0     0       0          0
 wlan0:12090309    9404    0    0    0     0          0         0   653457    6317    0    0    0     0       0          0
 wlan0:12098504    9413    0    0    0     0          0         0   654371    6326    0    0    0     0       0          0
 wlan0:12100321    9421    0    0    0     0          0         0   655471    6333    0    0    0     0       0          0
 wlan0:12100782    9426    0    0    0     0          0         0   656138    6338    0    0    0     0       0          0
 wlan0:12101906    9433    0    0    0     0          0         0   657681    6345    0    0    0     0       0          0
 wlan0:12102436    9437    0    0    0     0          0         0   658285    6349    0    0    0     0       0          0
 wlan0:12102564    9439    0    0    0     0          0         0   658393    6351    0    0    0     0       0          0
 wlan0:12102961    9443    0    0    0     0          0         0   658990    6355    0    0    0     0       0          0
 wlan0:12103805    9449    0    0    0     0          0         0   660183    6361    0    0    0     0       0          0
 wlan0:12103933    9451    0    0    0     0          0         0   660291    6363    0    0    0     0       0          0
 wlan0:12104125    9454    0    0    0     0          0         0   660453    6366    0    0    0     0       0          0
 wlan0:12104620    9458    0    0    0     0          0         0   661071    6370    0    0    0     0       0          0
 wlan0:12104940    9463    0    0    0     0          0         0   661341    6375    0    0    0     0       0          0
 wlan0:12105132    9466    0    0    0     0          0         0   661891    6378    0    0    0     0       0          0
 wlan0:12105936    9470    0    0    0     0          0         0   662495    6382    0    0    0     0       0          0
 wlan0:12107206    9477    0    0    0     0          0         0   664037    6389    0    0    0     0       0          0
 wlan0:12108693    9480    0    0    0     0          0         0   664624    6392    0    0    0     0       0          0
 wlan0:12108757    9481    0    0    0     0          0         0   664678    6393    0    0    0     0       0          0
 wlan0:12108885    9483    0    0    0     0          0         0   664786    6395    0    0    0     0       0          0
 wlan0:12108949    9484    0    0    0     0          0         0   664840    6396    0    0    0     0       0          0
 wlan0:12109077    9486    0    0    0     0          0         0   664948    6398    0    0    0     0       0          0
