 wlan0:39911786   37230    0    0    0     0          0         0  2774347   25027    0    0    0     0       0          0
 wlan0:39911786   37230    0    0    0     0          0         0  2774347   25027    0    0    0     0       0          0
 wlan0:39911786   37230    0    0    0     0          0         0  2774347   25027    0    0    0     0       0          0
 wlan0:39911786   37230    0    0    0     0          0         0  2774347   25027    0    0    0     0       0          0
 wlan0:39911786   37230    0    0    0     0          0         0  2774347   25027    0    0    0     0       0          0
 wlan0:39911786   37230    0    0    0     0          0         0  2774347   25027    0    0    0     0       0          0
 wlan0:39911786   37230    0    0    0     0          0         0  2774347   25027    0    0    0     0       0          0
 wlan0:39911786   37230    0    0    0     0          0         0  2774347   25027    0    0    0     0       0          0
 wlan0:39911786   37230    0    0    0     0          0         0  2774347   25027    0    0    0     0       0          0
 wlan0:39911786   37230    0    0    0     0          0         0  2774347   25027    0    0    0     0       0          0
 wlan0:39911786   37230    0    0    0     0          0         0  2774347   25027    0    0    0     0       0          0
 wlan0:39911786   37230    0    0    0     0          0         0  2774347   25027    0    0    0     0       0          0
 wlan0:39911786   37230    0    0    0     0          0         0  2774347   25027    0    0    0     0       0          0
 wlan0:39911786   37230    0    0    0     0          0         0  2774347   25027    0    0    0     0       0          0
 wlan0:39911786   37230    0    0    0     0          0         0  2774347   25027    0    0    0     0       0          0
 wlan0:39911786   37230    0    0    0     0          0         0  2774347   25027    0    0    0     0       0          0
 wlan0:39911786   37230    0    0    0     0          0         0  2774347   25027    0    0    0     0       0          0
 wlan0:39911786   37230    0    0    0     0          0         0  2774347   25027    0    0    0     0       0          0
 wlan0:39911786   37230    0    0    0     0          0         0  2774347   25027    0    0    0     0       0          0
 wlan0:39911786   37230    0    0    0     0          0         0  2774347   25027    0    0    0     0       0          0
 wlan0:39911786   37230    0    0    0     0          0         0  2774347   25027    0    0    0     0       0          0
 wlan0:39911786   37230    0    0    0     0          0         0  2774347   25027    0    0    0     0       0          0
 wlan0:39911786   37230    0    0    0     0          0         0  2774347   25027    0    0    0     0       0          0
 wlan0:39911786   37230    0    0    0     0          0         0  2774347   25027    0    0    0     0       0          0
