 wlan0: 2594267    2330    0    0    0     0          0         0   162453    1733    0    0    0     0       0          0
 wlan0: 2594331    2331    0    0    0     0          0         0   162581    1735    0    0    0     0       0          0
 wlan0: 2594459    2333    0    0    0     0          0         0   162689    1737    0    0    0     0       0          0
 wlan0: 2594459    2333    0    0    0     0          0         0   162689    1737    0    0    0     0       0          0
 wlan0: 2594459    2333    0    0    0     0          0         0   162689    1737    0    0    0     0       0          0
 wlan0: 2594459    2333    0    0    0     0          0         0   162689    1737    0    0    0     0       0          0
 wlan0: 2594459    2333    0    0    0     0          0         0   162689    1737    0    0    0     0       0          0
 wlan0: 2594459    2333    0    0    0     0          0         0   162689    1737    0    0    0     0       0          0
 wlan0: 2594459    2333    0    0    0     0          0         0   162689    1737    0    0    0     0       0          0
 wlan0: 2594459    2333    0    0    0     0          0         0   162689    1737    0    0    0     0       0          0
 wlan0: 2594459    2333    0    0    0     0          0         0   162689    1737    0    0    0     0       0          0
 wlan0: 2594459    2333    0    0    0     0          0         0   162689    1737    0    0    0     0       0          0
 wlan0: 2594459    2333    0    0    0     0          0         0   162689    1737    0    0    0     0       0          0
 wlan0: 2594459    2333    0    0    0     0          0         0   162689    1737    0    0    0     0       0          0
 wlan0: 2594459    2333    0    0    0     0          0         0   162689    1737    0    0    0     0       0          0
 wlan0: 2594459    2333    0    0    0     0          0         0   162689    1737    0    0    0     0       0          0
 wlan0: 2594459    2333    0    0    0     0          0         0   162689    1737    0    0    0     0       0          0
 wlan0: 2594459    2333    0    0    0     0          0         0   162689    1737    0    0    0     0       0          0
 wlan0: 2594459    2333    0    0    0     0          0         0   162689    1737    0    0    0     0       0          0
 wlan0: 2594459    2333    0    0    0     0          0         0   162689    1737    0    0    0     0       0          0
 wlan0: 2594459    2333    0    0    0     0          0         0   162689    1737    0    0    0     0       0          0
 wlan0: 2594459    2333    0    0    0     0          0         0   162689    1737    0    0    0     0       0          0
 wlan0: 2594459    2333    0    0    0     0          0         0   162689    1737    0    0    0     0       0          0
 wlan0: 2594459    2333    0    0    0     0          0         0   162689    1737    0    0    0     0       0          0
 wlan0: 2594459    2333    0    0    0     0          0         0   162689    1737    0    0    0     0       0          0
