 wlan0:22300628   19341    0    0    0     0          0         0  1205043   13841    0    0    0     0       0          0
 wlan0:22300628   19341    0    0    0     0          0         0  1205043   13841    0    0    0     0       0          0
 wlan0:22300628   19341    0    0    0     0          0         0  1205043   13841    0    0    0     0       0          0
 wlan0:22300628   19341    0    0    0     0          0         0  1205043   13841    0    0    0     0       0          0
 wlan0:22300628   19341    0    0    0     0          0         0  1205043   13841    0    0    0     0       0          0
 wlan0:22300628   19341    0    0    0     0          0         0  1205043   13841    0    0    0     0       0          0
 wlan0:22300628   19341    0    0    0     0          0         0  1205043   13841    0    0    0     0       0          0
 wlan0:22300628   19341    0    0    0     0          0         0  1205043   13841    0    0    0     0       0          0
 wlan0:22300628   19341    0    0    0     0          0         0  1205043   13841    0    0    0     0       0          0
 wlan0:22300628   19341    0    0    0     0          0         0  1205043   13841    0    0    0     0       0          0
 wlan0:22300628   19341    0    0    0     0          0         0  1205043   13841    0    0    0     0       0          0
 wlan0:22300628   19341    0    0    0     0          0         0  1205043   13841    0    0    0     0       0          0
 wlan0:22300628   19341    0    0    0     0          0         0  1205043   13841    0    0    0     0       0          0
 wlan0:22300628   19341    0    0    0     0          0         0  1205043   13841    0    0    0     0       0          0
 wlan0:22300628   19341    0    0    0     0          0         0  1205043   13841    0    0    0     0       0          0
 wlan0:22300628   19341    0    0    0     0          0         0  1205043   13841    0    0    0     0       0          0
 wlan0:22300628   19341    0    0    0     0          0         0  1205043   13841    0    0    0     0       0          0
 wlan0:22300628   19341    0    0    0     0          0         0  1205043   13841    0    0    0     0       0          0
 wlan0:22300628   19341    0    0    0     0          0         0  1205043   13841    0    0    0     0       0          0
 wlan0:22300628   19341    0    0    0     0          0         0  1205043   13841    0    0    0     0       0          0
 wlan0:22300628   19341    0    0    0     0          0         0  1205043   13841    0    0    0     0       0          0
 wlan0:22300628   19341    0    0    0     0          0         0  1205043   13841    0    0    0     0       0          0
 wlan0:22300628   19341    0    0    0     0          0         0  1205043   13841    0    0    0     0       0          0
 wlan0:22300628   19341    0    0    0     0          0         0  1205043   13841    0    0    0     0       0          0
 wlan0:22300628   19341    0    0    0     0          0         0  1205043   13841    0    0    0     0       0          0
