 wlan0: 5718823    5810    0    0    0     0          0         0   489111    4236    0    0    0     0       0          0
 wlan0: 5718823    5810    0    0    0     0          0         0   489111    4236    0    0    0     0       0          0
 wlan0: 5718823    5810    0    0    0     0          0         0   489111    4236    0    0    0     0       0          0
 wlan0: 5718823    5810    0    0    0     0          0         0   489111    4236    0    0    0     0       0          0
 wlan0: 5718823    5810    0    0    0     0          0         0   489111    4236    0    0    0     0       0          0
 wlan0: 5718823    5810    0    0    0     0          0         0   489111    4236    0    0    0     0       0          0
 wlan0: 5718823    5810    0    0    0     0          0         0   489111    4236    0    0    0     0       0          0
 wlan0: 5718823    5810    0    0    0     0          0         0   489111    4236    0    0    0     0       0          0
 wlan0: 5718823    5810    0    0    0     0          0         0   489111    4236    0    0    0     0       0          0
 wlan0: 5718823    5810    0    0    0     0          0         0   489111    4236    0    0    0     0       0          0
 wlan0: 5718823    5810    0    0    0     0          0         0   489111    4236    0    0    0     0       0          0
 wlan0: 5718823    5810    0    0    0     0          0         0   489111    4236    0    0    0     0       0          0
 wlan0: 5718823    5810    0    0    0     0          0         0   489111    4236    0    0    0     0       0          0
 wlan0: 5718823    5810    0    0    0     0          0         0   489111    4236    0    0    0     0       0          0
 wlan0: 5718823    5810    0    0    0     0          0         0   489111    4236    0    0    0     0       0          0
 wlan0: 5718823    5810    0    0    0     0          0         0   489111    4236    0    0    0     0       0          0
 wlan0: 5718823    5810    0    0    0     0          0         0   489111    4236    0    0    0     0       0          0
 wlan0: 5718823    5810    0    0    0     0          0         0   489111    4236    0    0    0     0       0          0
 wlan0: 5718823    5810    0    0    0     0          0         0   489111    4236    0    0    0     0       0          0
 wlan0: 5718823    5810    0    0    0     0          0         0   489111    4236    0    0    0     0       0          0
 wlan0: 5718823    5810    0    0    0     0          0         0   489111    4236    0    0    0     0       0          0
 wlan0: 5718823    5810    0    0    0     0          0         0   489111    4236    0    0    0     0       0          0
 wlan0: 5718823    5810    0    0    0     0          0         0   489111    4236    0    0    0     0       0          0
 wlan0: 5718823    5810    0    0    0     0          0         0   489111    4236    0    0    0     0       0          0
 wlan0: 5718823    5810    0    0    0     0          0         0   489111    4236    0    0    0     0       0          0
