 wlan0:80112398   76980    0    0    0     0          0         0  6910145   52394    0    0    0     0       0          0
 wlan0:80112398   76980    0    0    0     0          0         0  6910145   52394    0    0    0     0       0          0
 wlan0:80112398   76980    0    0    0     0          0         0  6910145   52394    0    0    0     0       0          0
 wlan0:80112398   76980    0    0    0     0          0         0  6910145   52394    0    0    0     0       0          0
 wlan0:80112398   76980    0    0    0     0          0         0  6910145   52394    0    0    0     0       0          0
 wlan0:80112398   76980    0    0    0     0          0         0  6910145   52394    0    0    0     0       0          0
 wlan0:80112398   76980    0    0    0     0          0         0  6910145   52394    0    0    0     0       0          0
 wlan0:80112398   76980    0    0    0     0          0         0  6910145   52394    0    0    0     0       0          0
 wlan0:80112398   76980    0    0    0     0          0         0  6910145   52394    0    0    0     0       0          0
 wlan0:80112398   76980    0    0    0     0          0         0  6910145   52394    0    0    0     0       0          0
 wlan0:80112398   76980    0    0    0     0          0         0  6910145   52394    0    0    0     0       0          0
 wlan0:80112398   76980    0    0    0     0          0         0  6910145   52394    0    0    0     0       0          0
 wlan0:80112398   76980    0    0    0     0          0         0  6910145   52394    0    0    0     0       0          0
 wlan0:80112398   76980    0    0    0     0          0         0  6910145   52394    0    0    0     0       0          0
 wlan0:80112398   76980    0    0    0     0          0         0  6910145   52394    0    0    0     0       0          0
 wlan0:80113010   76985    0    0    0     0          0         0  6910646   52398    0    0    0     0       0          0
 wlan0:80113138   76987    0    0    0     0          0         0  6910646   52398    0    0    0     0       0          0
 wlan0:80113202   76988    0    0    0     0          0         0  6910700   52399    0    0    0     0       0          0
 wlan0:80113202   76988    0    0    0     0          0         0  6910700   52399    0    0    0     0       0          0
 wlan0:80113266   76989    0    0    0     0          0         0  6910754   52400    0    0    0     0       0          0
 wlan0:80113266   76989    0    0    0     0          0         0  6910754   52400    0    0    0     0       0          0
 wlan0:80113330   76990    0    0    0     0          0         0  6910808   52401    0    0    0     0       0          0
 wlan0:80113394   76991    0    0    0     0          0         0  6910850   52402    0    0    0     0       0          0
 wlan0:80113458   76992    0    0    0     0          0         0  6910904   52403    0    0    0     0       0          0
 wlan0:80113458   76992    0    0    0     0          0         0  6910904   52403    0    0    0     0       0          0
