 wlan0:26619541   23170    0    0    0     0          0         0  1484734   17380    0    0    0     0       0          0
 wlan0:26619541   23170    0    0    0     0          0         0  1484734   17380    0    0    0     0       0          0
 wlan0:26619541   23170    0    0    0     0          0         0  1484734   17380    0    0    0     0       0          0
 wlan0:26619541   23170    0    0    0     0          0         0  1484734   17380    0    0    0     0       0          0
 wlan0:26619541   23170    0    0    0     0          0         0  1484734   17380    0    0    0     0       0          0
 wlan0:26619541   23170    0    0    0     0          0         0  1484734   17380    0    0    0     0       0          0
 wlan0:26619541   23170    0    0    0     0          0         0  1484734   17380    0    0    0     0       0          0
 wlan0:26619541   23170    0    0    0     0          0         0  1484734   17380    0    0    0     0       0          0
 wlan0:26619541   23170    0    0    0     0          0         0  1484734   17380    0    0    0     0       0          0
 wlan0:26619541   23170    0    0    0     0          0         0  1484734   17380    0    0    0     0       0          0
 wlan0:26619541   23170    0    0    0     0          0         0  1484734   17380    0    0    0     0       0          0
 wlan0:26619541   23170    0    0    0     0          0         0  1484734   17380    0    0    0     0       0          0
 wlan0:26619541   23170    0    0    0     0          0         0  1484734   17380    0    0    0     0       0          0
 wlan0:26619541   23170    0    0    0     0          0         0  1484734   17380    0    0    0     0       0          0
 wlan0:26619541   23170    0    0    0     0          0         0  1484734   17380    0    0    0     0       0          0
 wlan0:26619541   23170    0    0    0     0          0         0  1484734   17380    0    0    0     0       0          0
 wlan0:26619541   23170    0    0    0     0          0         0  1484734   17380    0    0    0     0       0          0
 wlan0:26619541   23170    0    0    0     0          0         0  1484734   17380    0    0    0     0       0          0
 wlan0:26619541   23170    0    0    0     0          0         0  1484734   17380    0    0    0     0       0          0
 wlan0:26670887   23227    0    0    0     0          0         0  1490303   17435    0    0    0     0       0          0
 wlan0:26671911   23243    0    0    0     0          0         0  1491005   17448    0    0    0     0       0          0
 wlan0:26688620   23258    0    0    0     0          0         0  1493089   17464    0    0    0     0       0          0
 wlan0:26689167   23262    0    0    0     0          0         0  1493089   17464    0    0    0     0       0          0
 wlan0:26754780   23308    0    0    0     0          0         0  1496120   17499    0    0    0     0       0          0
 wlan0:26795249   23343    0    0    0     0          0         0  1500381   17533    0    0    0     0       0          0
