 wlan0: 3233324    2908    0    0    0     0          0         0   191362    2221    0    0    0     0       0          0
 wlan0: 3233452    2910    0    0    0     0          0         0   191416    2222    0    0    0     0       0          0
 wlan0: 3233452    2910    0    0    0     0          0         0   191416    2222    0    0    0     0       0          0
 wlan0: 3233452    2910    0    0    0     0          0         0   191416    2222    0    0    0     0       0          0
 wlan0: 3233452    2910    0    0    0     0          0         0   191416    2222    0    0    0     0       0          0
 wlan0: 3233452    2910    0    0    0     0          0         0   191416    2222    0    0    0     0       0          0
 wlan0: 3233452    2910    0    0    0     0          0         0   191416    2222    0    0    0     0       0          0
 wlan0: 3233452    2910    0    0    0     0          0         0   191416    2222    0    0    0     0       0          0
 wlan0: 3233452    2910    0    0    0     0          0         0   191416    2222    0    0    0     0       0          0
 wlan0: 3233452    2910    0    0    0     0          0         0   191416    2222    0    0    0     0       0          0
 wlan0: 3233452    2910    0    0    0     0          0         0   191416    2222    0    0    0     0       0          0
 wlan0: 3233452    2910    0    0    0     0          0         0   191416    2222    0    0    0     0       0          0
 wlan0: 3233452    2910    0    0    0     0          0         0   191416    2222    0    0    0     0       0          0
 wlan0: 3233452    2910    0    0    0     0          0         0   191416    2222    0    0    0     0       0          0
 wlan0: 3233452    2910    0    0    0     0          0         0   191416    2222    0    0    0     0       0          0
 wlan0: 3233452    2910    0    0    0     0          0         0   191416    2222    0    0    0     0       0          0
 wlan0: 3233452    2910    0    0    0     0          0         0   191416    2222    0    0    0     0       0          0
 wlan0: 3233452    2910    0    0    0     0          0         0   191416    2222    0    0    0     0       0          0
 wlan0: 3233452    2910    0    0    0     0          0         0   191416    2222    0    0    0     0       0          0
 wlan0: 3233452    2910    0    0    0     0          0         0   191416    2222    0    0    0     0       0          0
 wlan0: 3233452    2910    0    0    0     0          0         0   191416    2222    0    0    0     0       0          0
 wlan0: 3233452    2910    0    0    0     0          0         0   191416    2222    0    0    0     0       0          0
 wlan0: 3233452    2910    0    0    0     0          0         0   191416    2222    0    0    0     0       0          0
 wlan0: 3233452    2910    0    0    0     0          0         0   191416    2222    0    0    0     0       0          0
 wlan0: 3233452    2910    0    0    0     0          0         0   191416    2222    0    0    0     0       0          0
