 wlan0:75741337   63982    0    0    0     0          0         0  4111551   47204    0    0    0     0       0          0
 wlan0:75741688   63987    0    0    0     0          0         0  4111862   47209    0    0    0     0       0          0
 wlan0:75741816   63989    0    0    0     0          0         0  4111970   47211    0    0    0     0       0          0
 wlan0:75742136   63994    0    0    0     0          0         0  4112186   47215    0    0    0     0       0          0
 wlan0:75742264   63996    0    0    0     0          0         0  4112294   47217    0    0    0     0       0          0
 wlan0:75742392   63998    0    0    0     0          0         0  4112402   47219    0    0    0     0       0          0
 wlan0:75742520   64000    0    0    0     0          0         0  4112510   47221    0    0    0     0       0          0
 wlan0:75742648   64002    0    0    0     0          0         0  4112618   47223    0    0    0     0       0          0
 wlan0:75742776   64004    0    0    0     0          0         0  4112726   47225    0    0    0     0       0          0
 wlan0:75742968   64007    0    0    0     0          0         0  4112876   47228    0    0    0     0       0          0
 wlan0:75743096   64009    0    0    0     0          0         0  4112984   47230    0    0    0     0       0          0
 wlan0:75743352   64013    0    0    0     0          0         0  4113146   47233    0    0    0     0       0          0
 wlan0:75743480   64015    0    0    0     0          0         0  4113295   47235    0    0    0     0       0          0
 wlan0:75743959   64022    0    0    0     0          0         0  4113803   47243    0    0    0     0       0          0
 wlan0:75744087   64024    0    0    0     0          0         0  4113911   47245    0    0    0     0       0          0
 wlan0:75744087   64024    0    0    0     0          0         0  4113911   47245    0    0    0     0       0          0
 wlan0:75744087   64024    0    0    0     0          0         0  4113911   47245    0    0    0     0       0          0
 wlan0:75744087   64024    0    0    0     0          0         0  4113911   47245    0    0    0     0       0          0
 wlan0:75744087   64024    0    0    0     0          0         0  4113911   47245    0    0    0     0       0          0
 wlan0:75744087   64024    0    0    0     0          0         0  4113911   47245    0    0    0     0       0          0
 wlan0:75744087   64024    0    0    0     0          0         0  4113911   47245    0    0    0     0       0          0
 wlan0:75744087   64024    0    0    0     0          0         0  4113911   47245    0    0    0     0       0          0
 wlan0:75744087   64024    0    0    0     0          0         0  4113911   47245    0    0    0     0       0          0
 wlan0:75747243   64028    0    0    0     0          0         0  4114652   47251    0    0    0     0       0          0
 wlan0:75770930   64057    0    0    0     0          0         0  4117634   47279    0    0    0     0       0          0
