 wlan0:23796658   20703    0    0    0     0          0         0  1321232   15450    0    0    0     0       0          0
 wlan0:23796786   20705    0    0    0     0          0         0  1321340   15452    0    0    0     0       0          0
 wlan0:23796850   20706    0    0    0     0          0         0  1321394   15453    0    0    0     0       0          0
 wlan0:23796978   20708    0    0    0     0          0         0  1321502   15455    0    0    0     0       0          0
 wlan0:23797300   20713    0    0    0     0          0         0  1321682   15458    0    0    0     0       0          0
 wlan0:23797428   20715    0    0    0     0          0         0  1321790   15460    0    0    0     0       0          0
 wlan0:23797492   20716    0    0    0     0          0         0  1321844   15461    0    0    0     0       0          0
 wlan0:23797684   20719    0    0    0     0          0         0  1322006   15464    0    0    0     0       0          0
 wlan0:23797748   20720    0    0    0     0          0         0  1322060   15465    0    0    0     0       0          0
 wlan0:23798229   20727    0    0    0     0          0         0  1322497   15472    0    0    0     0       0          0
 wlan0:23816122   20753    0    0    0     0          0         0  1325760   15499    0    0    0     0       0          0
 wlan0:23817868   20758    0    0    0     0          0         0  1326589   15504    0    0    0     0       0          0
 wlan0:23831417   20776    0    0    0     0          0         0  1327687   15520    0    0    0     0       0          0
 wlan0:23837778   20784    0    0    0     0          0         0  1328589   15529    0    0    0     0       0          0
 wlan0:23837842   20785    0    0    0     0          0         0  1328643   15530    0    0    0     0       0          0
 wlan0:23837970   20787    0    0    0     0          0         0  1328751   15532    0    0    0     0       0          0
 wlan0:23881578   20825    0    0    0     0          0         0  1332028   15566    0    0    0     0       0          0
 wlan0:23897274   20839    0    0    0     0          0         0  1333200   15578    0    0    0     0       0          0
 wlan0:23915579   20866    0    0    0     0          0         0  1337706   15609    0    0    0     0       0          0
 wlan0:23930154   20888    0    0    0     0          0         0  1340433   15631    0    0    0     0       0          0
 wlan0:23935058   20899    0    0    0     0          0         0  1341497   15642    0    0    0     0       0          0
 wlan0:23935542   20905    0    0    0     0          0         0  1341884   15647    0    0    0     0       0          0
 wlan0:23936085   20913    0    0    0     0          0         0  1342357   15655    0    0    0     0       0          0
 wlan0:23936214   20915    0    0    0     0          0         0  1342474   15657    0    0    0     0       0          0
 wlan0:23936727   20923    0    0    0     0          0         0  1342915   15665    0    0    0     0       0          0
