 wlan0:21160335   18148    0    0    0     0          0         0  1116293   12813    0    0    0     0       0          0
 wlan0:21160399   18149    0    0    0     0          0         0  1116347   12814    0    0    0     0       0          0
 wlan0:21160527   18151    0    0    0     0          0         0  1116455   12816    0    0    0     0       0          0
 wlan0:21180287   18170    0    0    0     0          0         0  1117801   12834    0    0    0     0       0          0
 wlan0:21190768   18188    0    0    0     0          0         0  1119391   12849    0    0    0     0       0          0
 wlan0:21191088   18193    0    0    0     0          0         0  1119553   12852    0    0    0     0       0          0
 wlan0:21191216   18195    0    0    0     0          0         0  1119661   12854    0    0    0     0       0          0
 wlan0:21192019   18207    0    0    0     0          0         0  1120372   12865    0    0    0     0       0          0
 wlan0:21192019   18207    0    0    0     0          0         0  1120372   12865    0    0    0     0       0          0
 wlan0:21192019   18207    0    0    0     0          0         0  1120372   12865    0    0    0     0       0          0
 wlan0:21192019   18207    0    0    0     0          0         0  1120372   12865    0    0    0     0       0          0
 wlan0:21192019   18207    0    0    0     0          0         0  1120372   12865    0    0    0     0       0          0
 wlan0:21192019   18207    0    0    0     0          0         0  1120372   12865    0    0    0     0       0          0
 wlan0:21192937   18210    0    0    0     0          0         0  1121014   12869    0    0    0     0       0          0
 wlan0:21193065   18212    0    0    0     0          0         0  1121068   12870    0    0    0     0       0          0
 wlan0:21193983   18215    0    0    0     0          0         0  1121717   12874    0    0    0     0       0          0
 wlan0:21194111   18217    0    0    0     0          0         0  1121771   12875    0    0    0     0       0          0
 wlan0:21194111   18217    0    0    0     0          0         0  1121771   12875    0    0    0     0       0          0
 wlan0:21194111   18217    0    0    0     0          0         0  1121771   12875    0    0    0     0       0          0
 wlan0:21194111   18217    0    0    0     0          0         0  1121771   12875    0    0    0     0       0          0
 wlan0:21194111   18217    0    0    0     0          0         0  1121771   12875    0    0    0     0       0          0
 wlan0:21194111   18217    0    0    0     0          0         0  1121771   12875    0    0    0     0       0          0
 wlan0:21194111   18217    0    0    0     0          0         0  1121771   12875    0    0    0     0       0          0
 wlan0:21194111   18217    0    0    0     0          0         0  1121771   12875    0    0    0     0       0          0
 wlan0:21194111   18217    0    0    0     0          0         0  1121771   12875    0    0    0     0       0          0
