 wlan0:22297088   19029    0    0    0     0          0         0  1341121   13347    0    0    0     0       0          0
 wlan0:22297088   19029    0    0    0     0          0         0  1341121   13347    0    0    0     0       0          0
 wlan0:22297088   19029    0    0    0     0          0         0  1341121   13347    0    0    0     0       0          0
 wlan0:22297088   19029    0    0    0     0          0         0  1341121   13347    0    0    0     0       0          0
 wlan0:22297088   19029    0    0    0     0          0         0  1341121   13347    0    0    0     0       0          0
 wlan0:22297088   19029    0    0    0     0          0         0  1341121   13347    0    0    0     0       0          0
 wlan0:22297088   19029    0    0    0     0          0         0  1341121   13347    0    0    0     0       0          0
 wlan0:22297088   19029    0    0    0     0          0         0  1341121   13347    0    0    0     0       0          0
 wlan0:22297088   19029    0    0    0     0          0         0  1341121   13347    0    0    0     0       0          0
 wlan0:22297088   19029    0    0    0     0          0         0  1341121   13347    0    0    0     0       0          0
 wlan0:22297088   19029    0    0    0     0          0         0  1341121   13347    0    0    0     0       0          0
 wlan0:22297088   19029    0    0    0     0          0         0  1341121   13347    0    0    0     0       0          0
 wlan0:22297088   19029    0    0    0     0          0         0  1341121   13347    0    0    0     0       0          0
 wlan0:22297088   19029    0    0    0     0          0         0  1341121   13347    0    0    0     0       0          0
 wlan0:22297088   19029    0    0    0     0          0         0  1341121   13347    0    0    0     0       0          0
 wlan0:22297088   19029    0    0    0     0          0         0  1341121   13347    0    0    0     0       0          0
 wlan0:22297088   19029    0    0    0     0          0         0  1341121   13347    0    0    0     0       0          0
 wlan0:22297088   19029    0    0    0     0          0         0  1341121   13347    0    0    0     0       0          0
 wlan0:22297088   19029    0    0    0     0          0         0  1341121   13347    0    0    0     0       0          0
 wlan0:22297088   19029    0    0    0     0          0         0  1341121   13347    0    0    0     0       0          0
 wlan0:22297088   19029    0    0    0     0          0         0  1341121   13347    0    0    0     0       0          0
 wlan0:22297088   19029    0    0    0     0          0         0  1341121   13347    0    0    0     0       0          0
 wlan0:22297088   19029    0    0    0     0          0         0  1341121   13347    0    0    0     0       0          0
 wlan0:22297088   19029    0    0    0     0          0         0  1341121   13347    0    0    0     0       0          0
