 wlan0:  970076    1372    0    0    0     0          0         0   124451    1177    0    0    0     0       0          0
 wlan0: 1006033    1406    0    0    0     0          0         0   127300    1200    0    0    0     0       0          0
 wlan0: 1111211    1492    0    0    0     0          0         0   131554    1241    0    0    0     0       0          0
 wlan0: 1210570    1583    0    0    0     0          0         0   139061    1308    0    0    0     0       0          0
 wlan0: 1379722    1725    0    0    0     0          0         0   150683    1414    0    0    0     0       0          0
 wlan0: 1585468    1891    0    0    0     0          0         0   161512    1542    0    0    0     0       0          0
 wlan0: 1609805    1915    0    0    0     0          0         0   163789    1566    0    0    0     0       0          0
 wlan0: 1615667    1931    0    0    0     0          0         0   166078    1581    0    0    0     0       0          0
 wlan0: 1615731    1932    0    0    0     0          0         0   166132    1582    0    0    0     0       0          0
 wlan0: 1615731    1932    0    0    0     0          0         0   166132    1582    0    0    0     0       0          0
 wlan0: 1615731    1932    0    0    0     0          0         0   166132    1582    0    0    0     0       0          0
 wlan0: 1615795    1933    0    0    0     0          0         0   166186    1583    0    0    0     0       0          0
 wlan0: 1766045    2061    0    0    0     0          0         0   176956    1683    0    0    0     0       0          0
 wlan0: 1770347    2077    0    0    0     0          0         0   180011    1699    0    0    0     0       0          0
 wlan0: 1770411    2078    0    0    0     0          0         0   180065    1700    0    0    0     0       0          0
 wlan0: 1775056    2092    0    0    0     0          0         0   182409    1712    0    0    0     0       0          0
 wlan0: 1781255    2110    0    0    0     0          0         0   185601    1725    0    0    0     0       0          0
 wlan0: 1815903    2139    0    0    0     0          0         0   187556    1740    0    0    0     0       0          0
 wlan0: 1951297    2254    0    0    0     0          0         0   197132    1839    0    0    0     0       0          0
 wlan0: 2011424    2305    0    0    0     0          0         0   201751    1886    0    0    0     0       0          0
 wlan0: 2044976    2343    0    0    0     0          0         0   206606    1924    0    0    0     0       0          0
 wlan0: 2179965    2459    0    0    0     0          0         0   215266    1997    0    0    0     0       0          0
 wlan0: 2218202    2495    0    0    0     0          0         0   219092    2027    0    0    0     0       0          0
 wlan0: 2275838    2545    0    0    0     0          0         0   223330    2065    0    0    0     0       0          0
 wlan0: 2280825    2560    0    0    0     0          0         0   226187    2076    0    0    0     0       0          0
